Record Length	2500	Points	-0.004996	-1		Record Length	2500	Points	-0.004996	0.184	
Sample Interval	4e-006	s	-0.004992	-1		Sample Interval	4e-006	s	-0.004992	0.184	
Trigger Point	1249.000084	Samples	-0.004988	-1		Trigger Point	1249.000084	Samples	-0.004988	0.176	
			-0.004984	-1					-0.004984	0.184	
			-0.00498	-1.2					-0.00498	0.184	
			-0.004976	-1.2					-0.004976	0.176	
Source	CH1		-0.004972	-1.2		Source	CH2		-0.004972	0.176	
Vertical Units	Volts		-0.004968	-1.2		Vertical Units	Volts		-0.004968	0.176	
Vertical Scale	5.00000007		-0.004964	-1.2		Vertical Scale	200.00000950E-3		-0.004964	0.176	
Vertical Offset	0		-0.00496	-1.2		Vertical Offset	0		-0.00496	0.176	
Horizontal Units	s		-0.004956	-1.2		Horizontal Units	s		-0.004956	0.168	
Horizontal Scale	1.000000E-3		-0.004952	-1.2		Horizontal Scale	1.000000E-3		-0.004952	0.168	
Pt Fmt	Y		-0.004948	-1.4		Pt Fmt	Y		-0.004948	0.168	
Yzero	320.00000000E-3		-0.004944	-1.4		Yzero	-40.00000000E-3		-0.004944	0.168	
Probe Atten	10.000000		-0.00494	-1.4		Probe Atten	10.000000		-0.00494	0.168	
			-0.004936	-1.4					-0.004936	0.16	
Note	TBS 1052B-EDU - 01:12:24 p.m.   08/03/2017		-0.004932	-1.4		Note	TBS 1052B-EDU - 01:12:24 p.m.   08/03/2017		-0.004932	0.168	
			-0.004928	-1.4					-0.004928	0.16	
			-0.004924	-1.6					-0.004924	0.16	
			-0.00492	-1.6					-0.00492	0.16	
			-0.004916	-1.6					-0.004916	0.152	
			-0.004912	-1.6					-0.004912	0.152	
			-0.004908	-1.6					-0.004908	0.152	
			-0.004904	-1.8					-0.004904	0.152	
			-0.0049	-1.6					-0.0049	0.152	
			-0.004896	-1.8					-0.004896	0.144	
			-0.004892	-1.8					-0.004892	0.152	
			-0.004888	-2					-0.004888	0.144	
			-0.004884	-1.8					-0.004884	0.144	
			-0.00488	-2					-0.00488	0.144	
			-0.004876	-2					-0.004876	0.144	
			-0.004872	-2					-0.004872	0.136	
			-0.004868	-2					-0.004868	0.136	
			-0.004864	-2					-0.004864	0.144	
			-0.00486	-2					-0.00486	0.136	
			-0.004856	-2.2					-0.004856	0.136	
			-0.004852	-2.2					-0.004852	0.128	
			-0.004848	-2.2					-0.004848	0.128	
			-0.004844	-2.2					-0.004844	0.128	
			-0.00484	-2.2					-0.00484	0.12	
			-0.004836	-2.4					-0.004836	0.12	
			-0.004832	-2.4					-0.004832	0.12	
			-0.004828	-2.4					-0.004828	0.12	
			-0.004824	-2.4					-0.004824	0.12	
			-0.00482	-2.4					-0.00482	0.112	
			-0.004816	-2.4					-0.004816	0.112	
			-0.004812	-2.6					-0.004812	0.12	
			-0.004808	-2.6					-0.004808	0.112	
			-0.004804	-2.6					-0.004804	0.112	
			-0.0048	-2.6					-0.0048	0.104	
			-0.004796	-2.6					-0.004796	0.112	
			-0.004792	-2.8					-0.004792	0.112	
			-0.004788	-2.8					-0.004788	0.104	
			-0.004784	-2.8					-0.004784	0.104	
			-0.00478	-2.8					-0.00478	0.104	
			-0.004776	-2.8					-0.004776	0.104	
			-0.004772	-2.8					-0.004772	0.104	
			-0.004768	-3					-0.004768	0.096	
			-0.004764	-3					-0.004764	0.096	
			-0.00476	-3					-0.00476	0.096	
			-0.004756	-3					-0.004756	0.096	
			-0.004752	-3					-0.004752	0.096	
			-0.004748	-3.2					-0.004748	0.088	
			-0.004744	-3.2					-0.004744	0.088	
			-0.00474	-3.2					-0.00474	0.088	
			-0.004736	-3.2					-0.004736	0.088	
			-0.004732	-3.2					-0.004732	0.08	
			-0.004728	-3.2					-0.004728	0.08	
			-0.004724	-3.4					-0.004724	0.08	
			-0.00472	-3.4					-0.00472	0.072	
			-0.004716	-3.4					-0.004716	0.072	
			-0.004712	-3.4					-0.004712	0.08	
			-0.004708	-3.4					-0.004708	0.072	
			-0.004704	-3.4					-0.004704	0.072	
			-0.0047	-3.6					-0.0047	0.064	
			-0.004696	-3.6					-0.004696	0.064	
			-0.004692	-3.6					-0.004692	0.056	
			-0.004688	-3.6					-0.004688	0.056	
			-0.004684	-3.6					-0.004684	0.056	
			-0.00468	-3.8					-0.00468	0.056	
			-0.004676	-3.8					-0.004676	0.056	
			-0.004672	-3.8					-0.004672	0.048	
			-0.004668	-3.8					-0.004668	0.048	
			-0.004664	-3.8					-0.004664	0.048	
			-0.00466	-4					-0.00466	0.048	
			-0.004656	-3.8					-0.004656	0.048	
			-0.004652	-4					-0.004652	0.04	
			-0.004648	-4					-0.004648	0.04	
			-0.004644	-4					-0.004644	0.04	
			-0.00464	-4					-0.00464	0.032	
			-0.004636	-4					-0.004636	0.032	
			-0.004632	-4.2					-0.004632	0.032	
			-0.004628	-4.2					-0.004628	0.032	
			-0.004624	-4.2					-0.004624	0.024	
			-0.00462	-4.2					-0.00462	0.024	
			-0.004616	-4.4					-0.004616	0.024	
			-0.004612	-4.2					-0.004612	0.032	
			-0.004608	-4.4					-0.004608	0.024	
			-0.004604	-4.4					-0.004604	0.016	
			-0.0046	-4.4					-0.0046	0.016	
			-0.004596	-4.4					-0.004596	0.016	
			-0.004592	-4.6					-0.004592	0.016	
			-0.004588	-4.6					-0.004588	0.008	
			-0.004584	-4.6					-0.004584	0.008	
			-0.00458	-4.6					-0.00458	0.008	
			-0.004576	-4.6					-0.004576	0.008	
			-0.004572	-4.6					-0.004572	0	
			-0.004568	-4.6					-0.004568	0.008	
			-0.004564	-4.8					-0.004564	0	
			-0.00456	-4.8					-0.00456	0	
			-0.004556	-4.8					-0.004556	-0.008	
			-0.004552	-4.8					-0.004552	0	
			-0.004548	-4.8					-0.004548	-0.008	
			-0.004544	-4.8					-0.004544	-0.008	
			-0.00454	-5					-0.00454	-0.008	
			-0.004536	-5					-0.004536	-0.008	
			-0.004532	-5					-0.004532	-0.016	
			-0.004528	-5					-0.004528	-0.024	
			-0.004524	-5					-0.004524	-0.024	
			-0.00452	-5					-0.00452	-0.024	
			-0.004516	-5					-0.004516	-0.032	
			-0.004512	-5.2					-0.004512	-0.024	
			-0.004508	-5.2					-0.004508	-0.032	
			-0.004504	-5.2					-0.004504	-0.032	
			-0.0045	-5.4					-0.0045	-0.04	
			-0.004496	-5.4					-0.004496	-0.04	
			-0.004492	-5.4					-0.004492	-0.04	
			-0.004488	-5.4					-0.004488	-0.04	
			-0.004484	-5.4					-0.004484	-0.048	
			-0.00448	-5.4					-0.00448	-0.04	
			-0.004476	-5.4					-0.004476	-0.048	
			-0.004472	-5.6					-0.004472	-0.048	
			-0.004468	-5.4					-0.004468	-0.048	
			-0.004464	-5.6					-0.004464	-0.056	
			-0.00446	-5.6					-0.00446	-0.056	
			-0.004456	-5.6					-0.004456	-0.056	
			-0.004452	-5.6					-0.004452	-0.056	
			-0.004448	-5.6					-0.004448	-0.064	
			-0.004444	-5.8					-0.004444	-0.064	
			-0.00444	-5.8					-0.00444	-0.064	
			-0.004436	-5.8					-0.004436	-0.072	
			-0.004432	-5.8					-0.004432	-0.072	
			-0.004428	-5.8					-0.004428	-0.072	
			-0.004424	-6					-0.004424	-0.072	
			-0.00442	-6					-0.00442	-0.08	
			-0.004416	-6					-0.004416	-0.08	
			-0.004412	-6					-0.004412	-0.08	
			-0.004408	-6					-0.004408	-0.08	
			-0.004404	-6					-0.004404	-0.088	
			-0.0044	-6.2					-0.0044	-0.088	
			-0.004396	-6.2					-0.004396	-0.088	
			-0.004392	-6.2					-0.004392	-0.088	
			-0.004388	-6.2					-0.004388	-0.096	
			-0.004384	-6.4					-0.004384	-0.096	
			-0.00438	-6.2					-0.00438	-0.104	
			-0.004376	-6.4					-0.004376	-0.096	
			-0.004372	-6.4					-0.004372	-0.104	
			-0.004368	-6.4					-0.004368	-0.112	
			-0.004364	-6.4					-0.004364	-0.112	
			-0.00436	-6.4					-0.00436	-0.112	
			-0.004356	-6.6					-0.004356	-0.112	
			-0.004352	-6.6					-0.004352	-0.112	
			-0.004348	-6.6					-0.004348	-0.12	
			-0.004344	-6.6					-0.004344	-0.112	
			-0.00434	-6.6					-0.00434	-0.128	
			-0.004336	-6.6					-0.004336	-0.12	
			-0.004332	-6.8					-0.004332	-0.128	
			-0.004328	-6.8					-0.004328	-0.136	
			-0.004324	-6.8					-0.004324	-0.128	
			-0.00432	-6.8					-0.00432	-0.128	
			-0.004316	-6.8					-0.004316	-0.136	
			-0.004312	-7					-0.004312	-0.136	
			-0.004308	-7					-0.004308	-0.144	
			-0.004304	-7					-0.004304	-0.144	
			-0.0043	-7					-0.0043	-0.144	
			-0.004296	-7					-0.004296	-0.144	
			-0.004292	-7					-0.004292	-0.152	
			-0.004288	-7					-0.004288	-0.152	
			-0.004284	-7					-0.004284	-0.16	
			-0.00428	-7					-0.00428	-0.16	
			-0.004276	-6.8					-0.004276	-0.152	
			-0.004272	-6.8					-0.004272	-0.16	
			-0.004268	-6.8					-0.004268	-0.168	
			-0.004264	-6.8					-0.004264	-0.168	
			-0.00426	-6.8					-0.00426	-0.168	
			-0.004256	-6.6					-0.004256	-0.168	
			-0.004252	-6.8					-0.004252	-0.168	
			-0.004248	-6.6					-0.004248	-0.168	
			-0.004244	-6.6					-0.004244	-0.176	
			-0.00424	-6.6					-0.00424	-0.168	
			-0.004236	-6.6					-0.004236	-0.184	
			-0.004232	-6.4					-0.004232	-0.184	
			-0.004228	-6.4					-0.004228	-0.176	
			-0.004224	-6.6					-0.004224	-0.184	
			-0.00422	-6.4					-0.00422	-0.184	
			-0.004216	-6.4					-0.004216	-0.192	
			-0.004212	-6.4					-0.004212	-0.192	
			-0.004208	-6.2					-0.004208	-0.192	
			-0.004204	-6.2					-0.004204	-0.192	
			-0.0042	-6.2					-0.0042	-0.192	
			-0.004196	-6.2					-0.004196	-0.2	
			-0.004192	-6					-0.004192	-0.2	
			-0.004188	-6.2					-0.004188	-0.2	
			-0.004184	-6					-0.004184	-0.2	
			-0.00418	-6					-0.00418	-0.208	
			-0.004176	-6					-0.004176	-0.208	
			-0.004172	-6					-0.004172	-0.208	
			-0.004168	-6					-0.004168	-0.208	
			-0.004164	-5.8					-0.004164	-0.208	
			-0.00416	-5.8					-0.00416	-0.216	
			-0.004156	-5.8					-0.004156	-0.208	
			-0.004152	-5.8					-0.004152	-0.216	
			-0.004148	-5.8					-0.004148	-0.224	
			-0.004144	-5.6					-0.004144	-0.216	
			-0.00414	-5.6					-0.00414	-0.216	
			-0.004136	-5.6					-0.004136	-0.216	
			-0.004132	-5.6					-0.004132	-0.224	
			-0.004128	-5.6					-0.004128	-0.224	
			-0.004124	-5.6					-0.004124	-0.216	
			-0.00412	-5.4					-0.00412	-0.224	
			-0.004116	-5.4					-0.004116	-0.224	
			-0.004112	-5.4					-0.004112	-0.224	
			-0.004108	-5.4					-0.004108	-0.224	
			-0.004104	-5.4					-0.004104	-0.232	
			-0.0041	-5.2					-0.0041	-0.232	
			-0.004096	-5.2					-0.004096	-0.232	
			-0.004092	-5.2					-0.004092	-0.232	
			-0.004088	-5.2					-0.004088	-0.232	
			-0.004084	-5.2					-0.004084	-0.24	
			-0.00408	-5					-0.00408	-0.24	
			-0.004076	-5.2					-0.004076	-0.232	
			-0.004072	-5					-0.004072	-0.24	
			-0.004068	-5					-0.004068	-0.24	
			-0.004064	-5					-0.004064	-0.24	
			-0.00406	-5					-0.00406	-0.24	
			-0.004056	-5					-0.004056	-0.24	
			-0.004052	-4.8					-0.004052	-0.248	
			-0.004048	-4.8					-0.004048	-0.248	
			-0.004044	-4.8					-0.004044	-0.24	
			-0.00404	-4.8					-0.00404	-0.248	
			-0.004036	-4.8					-0.004036	-0.248	
			-0.004032	-4.6					-0.004032	-0.248	
			-0.004028	-4.8					-0.004028	-0.248	
			-0.004024	-4.6					-0.004024	-0.248	
			-0.00402	-4.6					-0.00402	-0.248	
			-0.004016	-4.6					-0.004016	-0.256	
			-0.004012	-4.6					-0.004012	-0.248	
			-0.004008	-4.4					-0.004008	-0.248	
			-0.004004	-4.6					-0.004004	-0.256	
			-0.004	-4.4					-0.004	-0.248	
			-0.003996	-4.4					-0.003996	-0.256	
			-0.003992	-4.4					-0.003992	-0.256	
			-0.003988	-4.4					-0.003988	-0.256	
			-0.003984	-4.4					-0.003984	-0.256	
			-0.00398	-4.2					-0.00398	-0.256	
			-0.003976	-4.2					-0.003976	-0.256	
			-0.003972	-4.2					-0.003972	-0.256	
			-0.003968	-4.2					-0.003968	-0.256	
			-0.003964	-4.2					-0.003964	-0.264	
			-0.00396	-4					-0.00396	-0.264	
			-0.003956	-4					-0.003956	-0.264	
			-0.003952	-4					-0.003952	-0.256	
			-0.003948	-4					-0.003948	-0.264	
			-0.003944	-4					-0.003944	-0.264	
			-0.00394	-3.8					-0.00394	-0.264	
			-0.003936	-3.8					-0.003936	-0.264	
			-0.003932	-3.8					-0.003932	-0.264	
			-0.003928	-3.8					-0.003928	-0.264	
			-0.003924	-3.6					-0.003924	-0.264	
			-0.00392	-3.6					-0.00392	-0.264	
			-0.003916	-3.6					-0.003916	-0.264	
			-0.003912	-3.6					-0.003912	-0.272	
			-0.003908	-3.6					-0.003908	-0.264	
			-0.003904	-3.6					-0.003904	-0.264	
			-0.0039	-3.6					-0.0039	-0.264	
			-0.003896	-3.4					-0.003896	-0.264	
			-0.003892	-3.4					-0.003892	-0.272	
			-0.003888	-3.4					-0.003888	-0.272	
			-0.003884	-3.4					-0.003884	-0.264	
			-0.00388	-3.4					-0.00388	-0.264	
			-0.003876	-3.4					-0.003876	-0.272	
			-0.003872	-3.2					-0.003872	-0.272	
			-0.003868	-3.2					-0.003868	-0.264	
			-0.003864	-3.2					-0.003864	-0.272	
			-0.00386	-3.2					-0.00386	-0.264	
			-0.003856	-3					-0.003856	-0.272	
			-0.003852	-3					-0.003852	-0.272	
			-0.003848	-3					-0.003848	-0.272	
			-0.003844	-3					-0.003844	-0.272	
			-0.00384	-3					-0.00384	-0.28	
			-0.003836	-3					-0.003836	-0.272	
			-0.003832	-2.8					-0.003832	-0.264	
			-0.003828	-3					-0.003828	-0.272	
			-0.003824	-2.8					-0.003824	-0.264	
			-0.00382	-2.8					-0.00382	-0.272	
			-0.003816	-2.8					-0.003816	-0.264	
			-0.003812	-2.8					-0.003812	-0.272	
			-0.003808	-2.6					-0.003808	-0.272	
			-0.003804	-2.8					-0.003804	-0.272	
			-0.0038	-2.6					-0.0038	-0.272	
			-0.003796	-2.6					-0.003796	-0.272	
			-0.003792	-2.6					-0.003792	-0.272	
			-0.003788	-2.4					-0.003788	-0.272	
			-0.003784	-2.4					-0.003784	-0.264	
			-0.00378	-2.4					-0.00378	-0.264	
			-0.003776	-2.4					-0.003776	-0.264	
			-0.003772	-2.4					-0.003772	-0.272	
			-0.003768	-2.4					-0.003768	-0.272	
			-0.003764	-2.2					-0.003764	-0.272	
			-0.00376	-2.2					-0.00376	-0.272	
			-0.003756	-2.2					-0.003756	-0.264	
			-0.003752	-2.2					-0.003752	-0.272	
			-0.003748	-2					-0.003748	-0.264	
			-0.003744	-2					-0.003744	-0.264	
			-0.00374	-2					-0.00374	-0.272	
			-0.003736	-2					-0.003736	-0.264	
			-0.003732	-2					-0.003732	-0.264	
			-0.003728	-2					-0.003728	-0.264	
			-0.003724	-1.8					-0.003724	-0.272	
			-0.00372	-1.8					-0.00372	-0.264	
			-0.003716	-1.8					-0.003716	-0.264	
			-0.003712	-1.8					-0.003712	-0.264	
			-0.003708	-1.8					-0.003708	-0.264	
			-0.003704	-1.8					-0.003704	-0.264	
			-0.0037	-1.6					-0.0037	-0.264	
			-0.003696	-1.8					-0.003696	-0.264	
			-0.003692	-1.6					-0.003692	-0.264	
			-0.003688	-1.6					-0.003688	-0.264	
			-0.003684	-1.6					-0.003684	-0.256	
			-0.00368	-1.6					-0.00368	-0.264	
			-0.003676	-1.4					-0.003676	-0.264	
			-0.003672	-1.4					-0.003672	-0.264	
			-0.003668	-1.4					-0.003668	-0.264	
			-0.003664	-1.4					-0.003664	-0.264	
			-0.00366	-1.2					-0.00366	-0.264	
			-0.003656	-1.2					-0.003656	-0.256	
			-0.003652	-1.2					-0.003652	-0.256	
			-0.003648	-1.2					-0.003648	-0.256	
			-0.003644	-1.2					-0.003644	-0.256	
			-0.00364	-1.2					-0.00364	-0.256	
			-0.003636	-1.2					-0.003636	-0.256	
			-0.003632	-1.2					-0.003632	-0.256	
			-0.003628	-1					-0.003628	-0.256	
			-0.003624	-1					-0.003624	-0.256	
			-0.00362	-1					-0.00362	-0.248	
			-0.003616	-1					-0.003616	-0.248	
			-0.003612	-1					-0.003612	-0.256	
			-0.003608	-1					-0.003608	-0.248	
			-0.003604	-0.8					-0.003604	-0.256	
			-0.0036	-0.8					-0.0036	-0.248	
			-0.003596	-0.8					-0.003596	-0.248	
			-0.003592	-0.8					-0.003592	-0.248	
			-0.003588	-0.8					-0.003588	-0.248	
			-0.003584	-0.8					-0.003584	-0.248	
			-0.00358	-0.6					-0.00358	-0.248	
			-0.003576	-0.6					-0.003576	-0.248	
			-0.003572	-0.6					-0.003572	-0.248	
			-0.003568	-0.6					-0.003568	-0.24	
			-0.003564	-0.4					-0.003564	-0.24	
			-0.00356	-0.4					-0.00356	-0.24	
			-0.003556	-0.4					-0.003556	-0.24	
			-0.003552	-0.4					-0.003552	-0.24	
			-0.003548	-0.4					-0.003548	-0.232	
			-0.003544	-0.2					-0.003544	-0.24	
			-0.00354	-0.4					-0.00354	-0.232	
			-0.003536	-0.2					-0.003536	-0.24	
			-0.003532	-0.2					-0.003532	-0.232	
			-0.003528	-0.2					-0.003528	-0.24	
			-0.003524	-0.2					-0.003524	-0.24	
			-0.00352	-0.2					-0.00352	-0.24	
			-0.003516	0					-0.003516	-0.232	
			-0.003512	0					-0.003512	-0.232	
			-0.003508	0					-0.003508	-0.232	
			-0.003504	0					-0.003504	-0.232	
			-0.0035	0					-0.0035	-0.232	
			-0.003496	0.2					-0.003496	-0.232	
			-0.003492	0.2					-0.003492	-0.232	
			-0.003488	0.2					-0.003488	-0.224	
			-0.003484	0.2					-0.003484	-0.224	
			-0.00348	0.2					-0.00348	-0.224	
			-0.003476	0.4					-0.003476	-0.224	
			-0.003472	0.4					-0.003472	-0.224	
			-0.003468	0.4					-0.003468	-0.224	
			-0.003464	0.4					-0.003464	-0.224	
			-0.00346	0.6					-0.00346	-0.216	
			-0.003456	0.4					-0.003456	-0.216	
			-0.003452	0.6					-0.003452	-0.224	
			-0.003448	0.6					-0.003448	-0.224	
			-0.003444	0.6					-0.003444	-0.216	
			-0.00344	0.6					-0.00344	-0.208	
			-0.003436	0.8					-0.003436	-0.216	
			-0.003432	0.8					-0.003432	-0.216	
			-0.003428	0.8					-0.003428	-0.216	
			-0.003424	0.8					-0.003424	-0.208	
			-0.00342	0.8					-0.00342	-0.216	
			-0.003416	0.8					-0.003416	-0.216	
			-0.003412	0.8					-0.003412	-0.208	
			-0.003408	1					-0.003408	-0.208	
			-0.003404	1					-0.003404	-0.208	
			-0.0034	1					-0.0034	-0.208	
			-0.003396	1					-0.003396	-0.2	
			-0.003392	1					-0.003392	-0.2	
			-0.003388	1.2					-0.003388	-0.2	
			-0.003384	1.2					-0.003384	-0.2	
			-0.00338	1.2					-0.00338	-0.192	
			-0.003376	1.2					-0.003376	-0.192	
			-0.003372	1.2					-0.003372	-0.192	
			-0.003368	1.4					-0.003368	-0.192	
			-0.003364	1.4					-0.003364	-0.192	
			-0.00336	1.4					-0.00336	-0.192	
			-0.003356	1.4					-0.003356	-0.192	
			-0.003352	1.4					-0.003352	-0.192	
			-0.003348	1.6					-0.003348	-0.184	
			-0.003344	1.4					-0.003344	-0.184	
			-0.00334	1.6					-0.00334	-0.184	
			-0.003336	1.6					-0.003336	-0.184	
			-0.003332	1.6					-0.003332	-0.176	
			-0.003328	1.6					-0.003328	-0.184	
			-0.003324	1.6					-0.003324	-0.176	
			-0.00332	1.8					-0.00332	-0.184	
			-0.003316	1.8					-0.003316	-0.184	
			-0.003312	1.8					-0.003312	-0.168	
			-0.003308	1.8					-0.003308	-0.176	
			-0.003304	1.8					-0.003304	-0.176	
			-0.0033	1.8					-0.0033	-0.168	
			-0.003296	2					-0.003296	-0.168	
			-0.003292	2					-0.003292	-0.16	
			-0.003288	2					-0.003288	-0.168	
			-0.003284	2					-0.003284	-0.168	
			-0.00328	2					-0.00328	-0.16	
			-0.003276	2.2					-0.003276	-0.16	
			-0.003272	2.2					-0.003272	-0.16	
			-0.003268	2.2					-0.003268	-0.16	
			-0.003264	2.2					-0.003264	-0.16	
			-0.00326	2.2					-0.00326	-0.152	
			-0.003256	2.2					-0.003256	-0.152	
			-0.003252	2.4					-0.003252	-0.152	
			-0.003248	2.2					-0.003248	-0.144	
			-0.003244	2.4					-0.003244	-0.152	
			-0.00324	2.6					-0.00324	-0.152	
			-0.003236	2.4					-0.003236	-0.144	
			-0.003232	2.4					-0.003232	-0.144	
			-0.003228	2.4					-0.003228	-0.144	
			-0.003224	2.6					-0.003224	-0.144	
			-0.00322	2.6					-0.00322	-0.144	
			-0.003216	2.6					-0.003216	-0.144	
			-0.003212	2.6					-0.003212	-0.136	
			-0.003208	2.8					-0.003208	-0.136	
			-0.003204	2.8					-0.003204	-0.136	
			-0.0032	2.8					-0.0032	-0.136	
			-0.003196	2.8					-0.003196	-0.128	
			-0.003192	2.8					-0.003192	-0.128	
			-0.003188	2.8					-0.003188	-0.128	
			-0.003184	2.8					-0.003184	-0.128	
			-0.00318	2.8					-0.00318	-0.12	
			-0.003176	3					-0.003176	-0.128	
			-0.003172	3					-0.003172	-0.12	
			-0.003168	3					-0.003168	-0.12	
			-0.003164	3					-0.003164	-0.12	
			-0.00316	3					-0.00316	-0.12	
			-0.003156	3.2					-0.003156	-0.12	
			-0.003152	3.2					-0.003152	-0.12	
			-0.003148	3.2					-0.003148	-0.112	
			-0.003144	3.2					-0.003144	-0.104	
			-0.00314	3.2					-0.00314	-0.104	
			-0.003136	3.4					-0.003136	-0.104	
			-0.003132	3.2					-0.003132	-0.104	
			-0.003128	3.4					-0.003128	-0.104	
			-0.003124	3.4					-0.003124	-0.104	
			-0.00312	3.4					-0.00312	-0.096	
			-0.003116	3.4					-0.003116	-0.096	
			-0.003112	3.6					-0.003112	-0.096	
			-0.003108	3.6					-0.003108	-0.088	
			-0.003104	3.6					-0.003104	-0.088	
			-0.0031	3.6					-0.0031	-0.088	
			-0.003096	3.6					-0.003096	-0.088	
			-0.003092	3.6					-0.003092	-0.088	
			-0.003088	3.8					-0.003088	-0.088	
			-0.003084	3.8					-0.003084	-0.088	
			-0.00308	3.8					-0.00308	-0.08	
			-0.003076	3.8					-0.003076	-0.08	
			-0.003072	3.8					-0.003072	-0.072	
			-0.003068	4					-0.003068	-0.072	
			-0.003064	4					-0.003064	-0.072	
			-0.00306	4					-0.00306	-0.072	
			-0.003056	4					-0.003056	-0.072	
			-0.003052	4					-0.003052	-0.072	
			-0.003048	4					-0.003048	-0.064	
			-0.003044	4.2					-0.003044	-0.064	
			-0.00304	4.2					-0.00304	-0.056	
			-0.003036	4.2					-0.003036	-0.064	
			-0.003032	4.2					-0.003032	-0.056	
			-0.003028	4.2					-0.003028	-0.056	
			-0.003024	4.4					-0.003024	-0.056	
			-0.00302	4.4					-0.00302	-0.056	
			-0.003016	4.4					-0.003016	-0.048	
			-0.003012	4.4					-0.003012	-0.048	
			-0.003008	4.4					-0.003008	-0.048	
			-0.003004	4.4					-0.003004	-0.04	
			-0.003	4.6					-0.003	-0.048	
			-0.002996	4.6					-0.002996	-0.04	
			-0.002992	4.6					-0.002992	-0.04	
			-0.002988	4.6					-0.002988	-0.04	
			-0.002984	4.6					-0.002984	-0.04	
			-0.00298	4.8					-0.00298	-0.04	
			-0.002976	4.8					-0.002976	-0.032	
			-0.002972	4.8					-0.002972	-0.024	
			-0.002968	4.8					-0.002968	-0.024	
			-0.002964	4.8					-0.002964	-0.024	
			-0.00296	4.8					-0.00296	-0.024	
			-0.002956	4.8					-0.002956	-0.024	
			-0.002952	4.8					-0.002952	-0.016	
			-0.002948	5					-0.002948	-0.016	
			-0.002944	5					-0.002944	-0.016	
			-0.00294	5					-0.00294	-0.016	
			-0.002936	5					-0.002936	-0.008	
			-0.002932	5					-0.002932	-0.008	
			-0.002928	5.2					-0.002928	-0.008	
			-0.002924	5.2					-0.002924	-0.008	
			-0.00292	5.2					-0.00292	0	
			-0.002916	5.2					-0.002916	0	
			-0.002912	5.2					-0.002912	0	
			-0.002908	5.2					-0.002908	0.008	
			-0.002904	5.2					-0.002904	0	
			-0.0029	5.4					-0.0029	0.008	
			-0.002896	5.4					-0.002896	0.008	
			-0.002892	5.4					-0.002892	0.008	
			-0.002888	5.4					-0.002888	0.016	
			-0.002884	5.4					-0.002884	0.016	
			-0.00288	5.6					-0.00288	0.016	
			-0.002876	5.6					-0.002876	0.016	
			-0.002872	5.6					-0.002872	0.016	
			-0.002868	5.6					-0.002868	0.016	
			-0.002864	5.6					-0.002864	0.024	
			-0.00286	5.8					-0.00286	0.032	
			-0.002856	5.8					-0.002856	0.024	
			-0.002852	5.8					-0.002852	0.032	
			-0.002848	5.8					-0.002848	0.032	
			-0.002844	5.8					-0.002844	0.032	
			-0.00284	5.8					-0.00284	0.04	
			-0.002836	6					-0.002836	0.04	
			-0.002832	6					-0.002832	0.04	
			-0.002828	6					-0.002828	0.04	
			-0.002824	6					-0.002824	0.048	
			-0.00282	6					-0.00282	0.048	
			-0.002816	6					-0.002816	0.048	
			-0.002812	6					-0.002812	0.048	
			-0.002808	6.2					-0.002808	0.048	
			-0.002804	6.2					-0.002804	0.056	
			-0.0028	6.2					-0.0028	0.056	
			-0.002796	6.2					-0.002796	0.056	
			-0.002792	6.4					-0.002792	0.064	
			-0.002788	6.2					-0.002788	0.064	
			-0.002784	6.4					-0.002784	0.064	
			-0.00278	6.4					-0.00278	0.064	
			-0.002776	6.4					-0.002776	0.072	
			-0.002772	6.4					-0.002772	0.072	
			-0.002768	6.6					-0.002768	0.08	
			-0.002764	6.6					-0.002764	0.08	
			-0.00276	6.6					-0.00276	0.08	
			-0.002756	6.6					-0.002756	0.08	
			-0.002752	6.6					-0.002752	0.088	
			-0.002748	6.6					-0.002748	0.088	
			-0.002744	6.6					-0.002744	0.088	
			-0.00274	6.8					-0.00274	0.088	
			-0.002736	6.8					-0.002736	0.096	
			-0.002732	6.8					-0.002732	0.096	
			-0.002728	6.8					-0.002728	0.104	
			-0.002724	6.8					-0.002724	0.096	
			-0.00272	6.8					-0.00272	0.096	
			-0.002716	6.8					-0.002716	0.104	
			-0.002712	7					-0.002712	0.104	
			-0.002708	7					-0.002708	0.104	
			-0.002704	7					-0.002704	0.104	
			-0.0027	7					-0.0027	0.112	
			-0.002696	7					-0.002696	0.112	
			-0.002692	7.2					-0.002692	0.12	
			-0.002688	7.2					-0.002688	0.112	
			-0.002684	7.2					-0.002684	0.12	
			-0.00268	7.2					-0.00268	0.12	
			-0.002676	7.4					-0.002676	0.128	
			-0.002672	7.2					-0.002672	0.128	
			-0.002668	7.4					-0.002668	0.128	
			-0.002664	7.4					-0.002664	0.136	
			-0.00266	7.4					-0.00266	0.136	
			-0.002656	7.4					-0.002656	0.144	
			-0.002652	7.6					-0.002652	0.136	
			-0.002648	7.6					-0.002648	0.144	
			-0.002644	7.6					-0.002644	0.144	
			-0.00264	7.6					-0.00264	0.144	
			-0.002636	7.6					-0.002636	0.144	
			-0.002632	7.6					-0.002632	0.152	
			-0.002628	7.6					-0.002628	0.16	
			-0.002624	7.6					-0.002624	0.168	
			-0.00262	7.6					-0.00262	0.16	
			-0.002616	7.6					-0.002616	0.16	
			-0.002612	7.6					-0.002612	0.16	
			-0.002608	7.4					-0.002608	0.16	
			-0.002604	7.4					-0.002604	0.168	
			-0.0026	7.4					-0.0026	0.176	
			-0.002596	7.4					-0.002596	0.176	
			-0.002592	7.4					-0.002592	0.176	
			-0.002588	7.2					-0.002588	0.176	
			-0.002584	7.2					-0.002584	0.184	
			-0.00258	7.2					-0.00258	0.176	
			-0.002576	7.2					-0.002576	0.184	
			-0.002572	7.2					-0.002572	0.184	
			-0.002568	7.2					-0.002568	0.184	
			-0.002564	7					-0.002564	0.184	
			-0.00256	7					-0.00256	0.192	
			-0.002556	7					-0.002556	0.192	
			-0.002552	7					-0.002552	0.192	
			-0.002548	7					-0.002548	0.2	
			-0.002544	7					-0.002544	0.2	
			-0.00254	6.8					-0.00254	0.2	
			-0.002536	6.8					-0.002536	0.192	
			-0.002532	6.8					-0.002532	0.2	
			-0.002528	6.8					-0.002528	0.2	
			-0.002524	6.8					-0.002524	0.208	
			-0.00252	6.8					-0.00252	0.2	
			-0.002516	6.8					-0.002516	0.208	
			-0.002512	6.8					-0.002512	0.208	
			-0.002508	6.6					-0.002508	0.216	
			-0.002504	6.6					-0.002504	0.208	
			-0.0025	6.6					-0.0025	0.216	
			-0.002496	6.6					-0.002496	0.216	
			-0.002492	6.6					-0.002492	0.216	
			-0.002488	6.4					-0.002488	0.216	
			-0.002484	6.4					-0.002484	0.224	
			-0.00248	6.4					-0.00248	0.216	
			-0.002476	6.4					-0.002476	0.224	
			-0.002472	6.4					-0.002472	0.224	
			-0.002468	6.2					-0.002468	0.224	
			-0.002464	6.2					-0.002464	0.224	
			-0.00246	6.2					-0.00246	0.224	
			-0.002456	6.2					-0.002456	0.232	
			-0.002452	6.2					-0.002452	0.232	
			-0.002448	6.2					-0.002448	0.232	
			-0.002444	6.2					-0.002444	0.232	
			-0.00244	6					-0.00244	0.24	
			-0.002436	6					-0.002436	0.24	
			-0.002432	6					-0.002432	0.24	
			-0.002428	6					-0.002428	0.224	
			-0.002424	5.8					-0.002424	0.24	
			-0.00242	5.8					-0.00242	0.24	
			-0.002416	5.8					-0.002416	0.24	
			-0.002412	5.8					-0.002412	0.24	
			-0.002408	5.6					-0.002408	0.24	
			-0.002404	5.8					-0.002404	0.24	
			-0.0024	5.6					-0.0024	0.24	
			-0.002396	5.6					-0.002396	0.248	
			-0.002392	5.6					-0.002392	0.248	
			-0.002388	5.6					-0.002388	0.248	
			-0.002384	5.6					-0.002384	0.248	
			-0.00238	5.6					-0.00238	0.256	
			-0.002376	5.6					-0.002376	0.248	
			-0.002372	5.4					-0.002372	0.248	
			-0.002368	5.4					-0.002368	0.256	
			-0.002364	5.4					-0.002364	0.256	
			-0.00236	5.2					-0.00236	0.256	
			-0.002356	5.2					-0.002356	0.256	
			-0.002352	5.2					-0.002352	0.256	
			-0.002348	5.2					-0.002348	0.256	
			-0.002344	5.2					-0.002344	0.264	
			-0.00234	5.2					-0.00234	0.264	
			-0.002336	5.2					-0.002336	0.264	
			-0.002332	5					-0.002332	0.264	
			-0.002328	5					-0.002328	0.264	
			-0.002324	5					-0.002324	0.256	
			-0.00232	5					-0.00232	0.264	
			-0.002316	4.8					-0.002316	0.264	
			-0.002312	4.8					-0.002312	0.264	
			-0.002308	4.8					-0.002308	0.264	
			-0.002304	4.8					-0.002304	0.264	
			-0.0023	4.8					-0.0023	0.264	
			-0.002296	4.8					-0.002296	0.264	
			-0.002292	4.6					-0.002292	0.264	
			-0.002288	4.6					-0.002288	0.264	
			-0.002284	4.6					-0.002284	0.272	
			-0.00228	4.6					-0.00228	0.272	
			-0.002276	4.6					-0.002276	0.272	
			-0.002272	4.6					-0.002272	0.272	
			-0.002268	4.4					-0.002268	0.272	
			-0.002264	4.4					-0.002264	0.264	
			-0.00226	4.4					-0.00226	0.272	
			-0.002256	4.4					-0.002256	0.272	
			-0.002252	4.4					-0.002252	0.28	
			-0.002248	4.4					-0.002248	0.272	
			-0.002244	4.4					-0.002244	0.272	
			-0.00224	4.2					-0.00224	0.272	
			-0.002236	4.2					-0.002236	0.272	
			-0.002232	4.2					-0.002232	0.272	
			-0.002228	4.2					-0.002228	0.272	
			-0.002224	4					-0.002224	0.272	
			-0.00222	4.2					-0.00222	0.272	
			-0.002216	4					-0.002216	0.28	
			-0.002212	4					-0.002212	0.272	
			-0.002208	4					-0.002208	0.28	
			-0.002204	4					-0.002204	0.272	
			-0.0022	4					-0.0022	0.272	
			-0.002196	3.8					-0.002196	0.272	
			-0.002192	3.8					-0.002192	0.272	
			-0.002188	3.8					-0.002188	0.28	
			-0.002184	3.8					-0.002184	0.28	
			-0.00218	3.6					-0.00218	0.28	
			-0.002176	3.6					-0.002176	0.28	
			-0.002172	3.6					-0.002172	0.28	
			-0.002168	3.6					-0.002168	0.272	
			-0.002164	3.6					-0.002164	0.28	
			-0.00216	3.4					-0.00216	0.272	
			-0.002156	3.4					-0.002156	0.28	
			-0.002152	3.4					-0.002152	0.272	
			-0.002148	3.4					-0.002148	0.28	
			-0.002144	3.4					-0.002144	0.28	
			-0.00214	3.4					-0.00214	0.272	
			-0.002136	3.4					-0.002136	0.272	
			-0.002132	3.2					-0.002132	0.28	
			-0.002128	3.2					-0.002128	0.272	
			-0.002124	3.2					-0.002124	0.272	
			-0.00212	3.2					-0.00212	0.272	
			-0.002116	3.2					-0.002116	0.272	
			-0.002112	3.2					-0.002112	0.272	
			-0.002108	3					-0.002108	0.28	
			-0.002104	3					-0.002104	0.272	
			-0.0021	3					-0.0021	0.28	
			-0.002096	3					-0.002096	0.272	
			-0.002092	3					-0.002092	0.272	
			-0.002088	2.8					-0.002088	0.272	
			-0.002084	2.8					-0.002084	0.272	
			-0.00208	2.8					-0.00208	0.28	
			-0.002076	2.8					-0.002076	0.272	
			-0.002072	2.8					-0.002072	0.272	
			-0.002068	2.8					-0.002068	0.272	
			-0.002064	2.8					-0.002064	0.272	
			-0.00206	2.6					-0.00206	0.272	
			-0.002056	2.6					-0.002056	0.272	
			-0.002052	2.6					-0.002052	0.264	
			-0.002048	2.6					-0.002048	0.264	
			-0.002044	2.4					-0.002044	0.272	
			-0.00204	2.6					-0.00204	0.272	
			-0.002036	2.4					-0.002036	0.272	
			-0.002032	2.4					-0.002032	0.272	
			-0.002028	2.4					-0.002028	0.264	
			-0.002024	2.4					-0.002024	0.272	
			-0.00202	2.4					-0.00202	0.272	
			-0.002016	2.2					-0.002016	0.272	
			-0.002012	2.2					-0.002012	0.264	
			-0.002008	2.2					-0.002008	0.264	
			-0.002004	2.2					-0.002004	0.272	
			-0.002	2.2					-0.002	0.272	
			-0.001996	2.2					-0.001996	0.272	
			-0.001992	2					-0.001992	0.264	
			-0.001988	2					-0.001988	0.264	
			-0.001984	2					-0.001984	0.264	
			-0.00198	2					-0.00198	0.264	
			-0.001976	2					-0.001976	0.272	
			-0.001972	1.8					-0.001972	0.272	
			-0.001968	1.8					-0.001968	0.256	
			-0.001964	1.8					-0.001964	0.264	
			-0.00196	1.8					-0.00196	0.256	
			-0.001956	1.8					-0.001956	0.256	
			-0.001952	1.6					-0.001952	0.256	
			-0.001948	1.6					-0.001948	0.264	
			-0.001944	1.6					-0.001944	0.264	
			-0.00194	1.6					-0.00194	0.256	
			-0.001936	1.6					-0.001936	0.256	
			-0.001932	1.6					-0.001932	0.248	
			-0.001928	1.6					-0.001928	0.256	
			-0.001924	1.4					-0.001924	0.256	
			-0.00192	1.4					-0.00192	0.256	
			-0.001916	1.4					-0.001916	0.256	
			-0.001912	1.4					-0.001912	0.256	
			-0.001908	1.4					-0.001908	0.248	
			-0.001904	1.2					-0.001904	0.248	
			-0.0019	1.2					-0.0019	0.248	
			-0.001896	1.2					-0.001896	0.248	
			-0.001892	1.2					-0.001892	0.256	
			-0.001888	1.2					-0.001888	0.248	
			-0.001884	1					-0.001884	0.248	
			-0.00188	1.2					-0.00188	0.24	
			-0.001876	1					-0.001876	0.24	
			-0.001872	1					-0.001872	0.24	
			-0.001868	1					-0.001868	0.248	
			-0.001864	1					-0.001864	0.24	
			-0.00186	0.8					-0.00186	0.24	
			-0.001856	0.8					-0.001856	0.24	
			-0.001852	0.8					-0.001852	0.24	
			-0.001848	0.8					-0.001848	0.232	
			-0.001844	0.8					-0.001844	0.232	
			-0.00184	0.8					-0.00184	0.232	
			-0.001836	0.6					-0.001836	0.232	
			-0.001832	0.8					-0.001832	0.232	
			-0.001828	0.6					-0.001828	0.24	
			-0.001824	0.6					-0.001824	0.232	
			-0.00182	0.6					-0.00182	0.232	
			-0.001816	0.4					-0.001816	0.224	
			-0.001812	0.6					-0.001812	0.232	
			-0.001808	0.4					-0.001808	0.224	
			-0.001804	0.4					-0.001804	0.224	
			-0.0018	0.4					-0.0018	0.232	
			-0.001796	0.2					-0.001796	0.224	
			-0.001792	0.2					-0.001792	0.224	
			-0.001788	0.2					-0.001788	0.224	
			-0.001784	0.2					-0.001784	0.224	
			-0.00178	0.2					-0.00178	0.216	
			-0.001776	0					-0.001776	0.216	
			-0.001772	0					-0.001772	0.224	
			-0.001768	0					-0.001768	0.216	
			-0.001764	0					-0.001764	0.216	
			-0.00176	0					-0.00176	0.216	
			-0.001756	0					-0.001756	0.216	
			-0.001752	-0.2					-0.001752	0.208	
			-0.001748	-0.2					-0.001748	0.208	
			-0.001744	-0.2					-0.001744	0.208	
			-0.00174	-0.2					-0.00174	0.208	
			-0.001736	-0.2					-0.001736	0.216	
			-0.001732	-0.4					-0.001732	0.2	
			-0.001728	-0.4					-0.001728	0.208	
			-0.001724	-0.4					-0.001724	0.208	
			-0.00172	-0.4					-0.00172	0.2	
			-0.001716	-0.4					-0.001716	0.2	
			-0.001712	-0.4					-0.001712	0.2	
			-0.001708	-0.6					-0.001708	0.2	
			-0.001704	-0.6					-0.001704	0.2	
			-0.0017	-0.6					-0.0017	0.192	
			-0.001696	-0.6					-0.001696	0.2	
			-0.001692	-0.6					-0.001692	0.192	
			-0.001688	-0.8					-0.001688	0.192	
			-0.001684	-0.8					-0.001684	0.192	
			-0.00168	-0.8					-0.00168	0.192	
			-0.001676	-0.8					-0.001676	0.192	
			-0.001672	-0.8					-0.001672	0.192	
			-0.001668	-0.8					-0.001668	0.184	
			-0.001664	-1					-0.001664	0.184	
			-0.00166	-1					-0.00166	0.184	
			-0.001656	-1					-0.001656	0.184	
			-0.001652	-1					-0.001652	0.184	
			-0.001648	-1					-0.001648	0.184	
			-0.001644	-1.2					-0.001644	0.176	
			-0.00164	-1					-0.00164	0.176	
			-0.001636	-1.2					-0.001636	0.184	
			-0.001632	-1.2					-0.001632	0.184	
			-0.001628	-1.2					-0.001628	0.176	
			-0.001624	-1.2					-0.001624	0.176	
			-0.00162	-1.2					-0.00162	0.168	
			-0.001616	-1.4					-0.001616	0.176	
			-0.001612	-1.4					-0.001612	0.168	
			-0.001608	-1.4					-0.001608	0.168	
			-0.001604	-1.4					-0.001604	0.16	
			-0.0016	-1.4					-0.0016	0.168	
			-0.001596	-1.4					-0.001596	0.16	
			-0.001592	-1.6					-0.001592	0.16	
			-0.001588	-1.4					-0.001588	0.16	
			-0.001584	-1.6					-0.001584	0.16	
			-0.00158	-1.6					-0.00158	0.16	
			-0.001576	-1.6					-0.001576	0.152	
			-0.001572	-1.8					-0.001572	0.152	
			-0.001568	-1.6					-0.001568	0.152	
			-0.001564	-1.8					-0.001564	0.152	
			-0.00156	-1.8					-0.00156	0.144	
			-0.001556	-1.8					-0.001556	0.152	
			-0.001552	-1.8					-0.001552	0.144	
			-0.001548	-2					-0.001548	0.144	
			-0.001544	-2					-0.001544	0.136	
			-0.00154	-2					-0.00154	0.136	
			-0.001536	-2					-0.001536	0.136	
			-0.001532	-2					-0.001532	0.136	
			-0.001528	-2					-0.001528	0.136	
			-0.001524	-2					-0.001524	0.128	
			-0.00152	-2.2					-0.00152	0.136	
			-0.001516	-2.2					-0.001516	0.128	
			-0.001512	-2.2					-0.001512	0.128	
			-0.001508	-2.2					-0.001508	0.12	
			-0.001504	-2.4					-0.001504	0.128	
			-0.0015	-2.2					-0.0015	0.128	
			-0.001496	-2.4					-0.001496	0.128	
			-0.001492	-2.4					-0.001492	0.12	
			-0.001488	-2.4					-0.001488	0.12	
			-0.001484	-2.4					-0.001484	0.12	
			-0.00148	-2.6					-0.00148	0.112	
			-0.001476	-2.6					-0.001476	0.112	
			-0.001472	-2.6					-0.001472	0.112	
			-0.001468	-2.6					-0.001468	0.112	
			-0.001464	-2.6					-0.001464	0.112	
			-0.00146	-2.8					-0.00146	0.112	
			-0.001456	-2.8					-0.001456	0.104	
			-0.001452	-2.8					-0.001452	0.104	
			-0.001448	-2.8					-0.001448	0.104	
			-0.001444	-2.8					-0.001444	0.104	
			-0.00144	-2.8					-0.00144	0.096	
			-0.001436	-2.8					-0.001436	0.096	
			-0.001432	-3					-0.001432	0.104	
			-0.001428	-3					-0.001428	0.096	
			-0.001424	-3					-0.001424	0.088	
			-0.00142	-3					-0.00142	0.096	
			-0.001416	-3					-0.001416	0.088	
			-0.001412	-3.2					-0.001412	0.088	
			-0.001408	-3.2					-0.001408	0.088	
			-0.001404	-3.2					-0.001404	0.08	
			-0.0014	-3.2					-0.0014	0.08	
			-0.001396	-3.2					-0.001396	0.08	
			-0.001392	-3.4					-0.001392	0.08	
			-0.001388	-3.4					-0.001388	0.08	
			-0.001384	-3.4					-0.001384	0.08	
			-0.00138	-3.4					-0.00138	0.072	
			-0.001376	-3.4					-0.001376	0.072	
			-0.001372	-3.4					-0.001372	0.072	
			-0.001368	-3.6					-0.001368	0.064	
			-0.001364	-3.6					-0.001364	0.064	
			-0.00136	-3.6					-0.00136	0.064	
			-0.001356	-3.6					-0.001356	0.064	
			-0.001352	-3.8					-0.001352	0.056	
			-0.001348	-3.8					-0.001348	0.056	
			-0.001344	-3.8					-0.001344	0.056	
			-0.00134	-3.8					-0.00134	0.056	
			-0.001336	-3.8					-0.001336	0.048	
			-0.001332	-3.8					-0.001332	0.048	
			-0.001328	-3.8					-0.001328	0.048	
			-0.001324	-4					-0.001324	0.048	
			-0.00132	-3.8					-0.00132	0.048	
			-0.001316	-4					-0.001316	0.04	
			-0.001312	-4					-0.001312	0.032	
			-0.001308	-4					-0.001308	0.04	
			-0.001304	-4					-0.001304	0.032	
			-0.0013	-4.2					-0.0013	0.032	
			-0.001296	-4					-0.001296	0.024	
			-0.001292	-4.2					-0.001292	0.032	
			-0.001288	-4.2					-0.001288	0.024	
			-0.001284	-4.2					-0.001284	0.024	
			-0.00128	-4.4					-0.00128	0.024	
			-0.001276	-4.4					-0.001276	0.024	
			-0.001272	-4.4					-0.001272	0.024	
			-0.001268	-4.4					-0.001268	0.016	
			-0.001264	-4.4					-0.001264	0.016	
			-0.00126	-4.4					-0.00126	0.016	
			-0.001256	-4.6					-0.001256	0.016	
			-0.001252	-4.6					-0.001252	0.016	
			-0.001248	-4.6					-0.001248	0.008	
			-0.001244	-4.6					-0.001244	0.008	
			-0.00124	-4.6					-0.00124	0.008	
			-0.001236	-4.6					-0.001236	0	
			-0.001232	-4.8					-0.001232	0.008	
			-0.001228	-4.8					-0.001228	0	
			-0.001224	-4.8					-0.001224	0	
			-0.00122	-4.8					-0.00122	0	
			-0.001216	-5					-0.001216	0	
			-0.001212	-4.8					-0.001212	-0.008	
			-0.001208	-5					-0.001208	-0.008	
			-0.001204	-5					-0.001204	-0.016	
			-0.0012	-5					-0.0012	-0.008	
			-0.001196	-5					-0.001196	-0.016	
			-0.001192	-5					-0.001192	-0.024	
			-0.001188	-5.2					-0.001188	-0.024	
			-0.001184	-5					-0.001184	-0.032	
			-0.00118	-5.2					-0.00118	-0.024	
			-0.001176	-5.2					-0.001176	-0.032	
			-0.001172	-5.2					-0.001172	-0.032	
			-0.001168	-5.2					-0.001168	-0.032	
			-0.001164	-5.2					-0.001164	-0.04	
			-0.00116	-5.4					-0.00116	-0.032	
			-0.001156	-5.4					-0.001156	-0.04	
			-0.001152	-5.4					-0.001152	-0.04	
			-0.001148	-5.4					-0.001148	-0.048	
			-0.001144	-5.4					-0.001144	-0.048	
			-0.00114	-5.4					-0.00114	-0.048	
			-0.001136	-5.6					-0.001136	-0.04	
			-0.001132	-5.6					-0.001132	-0.056	
			-0.001128	-5.6					-0.001128	-0.064	
			-0.001124	-5.6					-0.001124	-0.056	
			-0.00112	-5.6					-0.00112	-0.056	
			-0.001116	-5.6					-0.001116	-0.064	
			-0.001112	-5.6					-0.001112	-0.064	
			-0.001108	-5.8					-0.001108	-0.072	
			-0.001104	-5.8					-0.001104	-0.064	
			-0.0011	-5.8					-0.0011	-0.072	
			-0.001096	-5.8					-0.001096	-0.072	
			-0.001092	-5.8					-0.001092	-0.072	
			-0.001088	-6					-0.001088	-0.08	
			-0.001084	-6					-0.001084	-0.08	
			-0.00108	-6					-0.00108	-0.08	
			-0.001076	-6					-0.001076	-0.08	
			-0.001072	-6					-0.001072	-0.088	
			-0.001068	-6.2					-0.001068	-0.088	
			-0.001064	-6.2					-0.001064	-0.088	
			-0.00106	-6.2					-0.00106	-0.096	
			-0.001056	-6.2					-0.001056	-0.096	
			-0.001052	-6.2					-0.001052	-0.104	
			-0.001048	-6.2					-0.001048	-0.096	
			-0.001044	-6.2					-0.001044	-0.096	
			-0.00104	-6.4					-0.00104	-0.112	
			-0.001036	-6.4					-0.001036	-0.104	
			-0.001032	-6.4					-0.001032	-0.104	
			-0.001028	-6.4					-0.001028	-0.112	
			-0.001024	-6.6					-0.001024	-0.112	
			-0.00102	-6.6					-0.00102	-0.12	
			-0.001016	-6.6					-0.001016	-0.12	
			-0.001012	-6.6					-0.001012	-0.12	
			-0.001008	-6.6					-0.001008	-0.128	
			-0.001004	-6.6					-0.001004	-0.12	
			-0.001	-6.6					-0.001	-0.128	
			-0.000996	-6.8					-0.000996	-0.128	
			-0.000992	-6.8					-0.000992	-0.128	
			-0.000988	-6.8					-0.000988	-0.136	
			-0.000984	-6.8					-0.000984	-0.136	
			-0.00098	-6.8					-0.00098	-0.136	
			-0.000976	-7					-0.000976	-0.136	
			-0.000972	-7					-0.000972	-0.144	
			-0.000968	-7					-0.000968	-0.144	
			-0.000964	-7					-0.000964	-0.144	
			-0.00096	-7					-0.00096	-0.144	
			-0.000956	-7					-0.000956	-0.152	
			-0.000952	-7					-0.000952	-0.152	
			-0.000948	-7					-0.000948	-0.152	
			-0.000944	-6.8					-0.000944	-0.152	
			-0.00094	-7					-0.00094	-0.16	
			-0.000936	-6.8					-0.000936	-0.16	
			-0.000932	-6.8					-0.000932	-0.168	
			-0.000928	-6.8					-0.000928	-0.168	
			-0.000924	-6.6					-0.000924	-0.168	
			-0.00092	-6.6					-0.00092	-0.168	
			-0.000916	-6.6					-0.000916	-0.168	
			-0.000912	-6.6					-0.000912	-0.168	
			-0.000908	-6.6					-0.000908	-0.176	
			-0.000904	-6.6					-0.000904	-0.176	
			-0.0009	-6.4					-0.0009	-0.176	
			-0.000896	-6.4					-0.000896	-0.184	
			-0.000892	-6.4					-0.000892	-0.184	
			-0.000888	-6.4					-0.000888	-0.184	
			-0.000884	-6.4					-0.000884	-0.184	
			-0.00088	-6.4					-0.00088	-0.192	
			-0.000876	-6.2					-0.000876	-0.192	
			-0.000872	-6.2					-0.000872	-0.192	
			-0.000868	-6.2					-0.000868	-0.192	
			-0.000864	-6.2					-0.000864	-0.2	
			-0.00086	-6.2					-0.00086	-0.2	
			-0.000856	-6.2					-0.000856	-0.2	
			-0.000852	-6					-0.000852	-0.2	
			-0.000848	-6					-0.000848	-0.2	
			-0.000844	-6					-0.000844	-0.208	
			-0.00084	-6					-0.00084	-0.208	
			-0.000836	-5.8					-0.000836	-0.208	
			-0.000832	-6					-0.000832	-0.216	
			-0.000828	-5.8					-0.000828	-0.208	
			-0.000824	-5.8					-0.000824	-0.216	
			-0.00082	-5.8					-0.00082	-0.216	
			-0.000816	-5.8					-0.000816	-0.216	
			-0.000812	-5.6					-0.000812	-0.208	
			-0.000808	-5.6					-0.000808	-0.216	
			-0.000804	-5.6					-0.000804	-0.216	
			-0.0008	-5.6					-0.0008	-0.224	
			-0.000796	-5.6					-0.000796	-0.224	
			-0.000792	-5.4					-0.000792	-0.224	
			-0.000788	-5.4					-0.000788	-0.224	
			-0.000784	-5.4					-0.000784	-0.224	
			-0.00078	-5.4					-0.00078	-0.224	
			-0.000776	-5.4					-0.000776	-0.224	
			-0.000772	-5.4					-0.000772	-0.232	
			-0.000768	-5.4					-0.000768	-0.232	
			-0.000764	-5.2					-0.000764	-0.232	
			-0.00076	-5.2					-0.00076	-0.232	
			-0.000756	-5.2					-0.000756	-0.232	
			-0.000752	-5.2					-0.000752	-0.24	
			-0.000748	-5.2					-0.000748	-0.24	
			-0.000744	-5					-0.000744	-0.24	
			-0.00074	-5					-0.00074	-0.232	
			-0.000736	-5					-0.000736	-0.24	
			-0.000732	-5					-0.000732	-0.24	
			-0.000728	-5					-0.000728	-0.248	
			-0.000724	-4.8					-0.000724	-0.248	
			-0.00072	-5					-0.00072	-0.24	
			-0.000716	-5					-0.000716	-0.24	
			-0.000712	-4.8					-0.000712	-0.24	
			-0.000708	-4.8					-0.000708	-0.248	
			-0.000704	-4.8					-0.000704	-0.248	
			-0.0007	-4.8					-0.0007	-0.248	
			-0.000696	-4.6					-0.000696	-0.248	
			-0.000692	-4.6					-0.000692	-0.248	
			-0.000688	-4.6					-0.000688	-0.248	
			-0.000684	-4.6					-0.000684	-0.256	
			-0.00068	-4.6					-0.00068	-0.248	
			-0.000676	-4.4					-0.000676	-0.256	
			-0.000672	-4.4					-0.000672	-0.248	
			-0.000668	-4.4					-0.000668	-0.256	
			-0.000664	-4.4					-0.000664	-0.256	
			-0.00066	-4.4					-0.00066	-0.256	
			-0.000656	-4.4					-0.000656	-0.256	
			-0.000652	-4.2					-0.000652	-0.256	
			-0.000648	-4.2					-0.000648	-0.256	
			-0.000644	-4.2					-0.000644	-0.256	
			-0.00064	-4.2					-0.00064	-0.256	
			-0.000636	-4.2					-0.000636	-0.264	
			-0.000632	-4.2					-0.000632	-0.264	
			-0.000628	-4					-0.000628	-0.256	
			-0.000624	-4					-0.000624	-0.256	
			-0.00062	-4					-0.00062	-0.256	
			-0.000616	-4					-0.000616	-0.272	
			-0.000612	-4					-0.000612	-0.264	
			-0.000608	-3.8					-0.000608	-0.256	
			-0.000604	-3.8					-0.000604	-0.264	
			-0.0006	-3.8					-0.0006	-0.264	
			-0.000596	-3.8					-0.000596	-0.264	
			-0.000592	-3.8					-0.000592	-0.264	
			-0.000588	-3.6					-0.000588	-0.264	
			-0.000584	-3.6					-0.000584	-0.264	
			-0.00058	-3.6					-0.00058	-0.264	
			-0.000576	-3.6					-0.000576	-0.272	
			-0.000572	-3.4					-0.000572	-0.264	
			-0.000568	-3.6					-0.000568	-0.264	
			-0.000564	-3.4					-0.000564	-0.264	
			-0.00056	-3.4					-0.00056	-0.272	
			-0.000556	-3.4					-0.000556	-0.272	
			-0.000552	-3.4					-0.000552	-0.264	
			-0.000548	-3.4					-0.000548	-0.264	
			-0.000544	-3.4					-0.000544	-0.272	
			-0.00054	-3.4					-0.00054	-0.264	
			-0.000536	-3.2					-0.000536	-0.272	
			-0.000532	-3.2					-0.000532	-0.272	
			-0.000528	-3.2					-0.000528	-0.272	
			-0.000524	-3					-0.000524	-0.264	
			-0.00052	-3					-0.00052	-0.272	
			-0.000516	-3					-0.000516	-0.272	
			-0.000512	-3					-0.000512	-0.272	
			-0.000508	-3					-0.000508	-0.264	
			-0.000504	-2.8					-0.000504	-0.272	
			-0.0005	-2.8					-0.0005	-0.264	
			-0.000496	-2.8					-0.000496	-0.272	
			-0.000492	-2.8					-0.000492	-0.272	
			-0.000488	-2.8					-0.000488	-0.264	
			-0.000484	-2.8					-0.000484	-0.272	
			-0.00048	-2.8					-0.00048	-0.264	
			-0.000476	-2.6					-0.000476	-0.272	
			-0.000472	-2.6					-0.000472	-0.272	
			-0.000468	-2.6					-0.000468	-0.272	
			-0.000464	-2.6					-0.000464	-0.264	
			-0.00046	-2.6					-0.00046	-0.264	
			-0.000456	-2.4					-0.000456	-0.272	
			-0.000452	-2.4					-0.000452	-0.272	
			-0.000448	-2.4					-0.000448	-0.272	
			-0.000444	-2.4					-0.000444	-0.272	
			-0.00044	-2.4					-0.00044	-0.272	
			-0.000436	-2.2					-0.000436	-0.264	
			-0.000432	-2.2					-0.000432	-0.272	
			-0.000428	-2.2					-0.000428	-0.272	
			-0.000424	-2.2					-0.000424	-0.264	
			-0.00042	-2.2					-0.00042	-0.272	
			-0.000416	-2					-0.000416	-0.264	
			-0.000412	-2.2					-0.000412	-0.272	
			-0.000408	-2					-0.000408	-0.272	
			-0.000404	-2					-0.000404	-0.264	
			-0.0004	-2					-0.0004	-0.272	
			-0.000396	-2					-0.000396	-0.264	
			-0.000392	-2					-0.000392	-0.272	
			-0.000388	-1.8					-0.000388	-0.264	
			-0.000384	-1.8					-0.000384	-0.264	
			-0.00038	-1.8					-0.00038	-0.272	
			-0.000376	-1.8					-0.000376	-0.264	
			-0.000372	-1.8					-0.000372	-0.264	
			-0.000368	-1.6					-0.000368	-0.264	
			-0.000364	-1.6					-0.000364	-0.264	
			-0.00036	-1.6					-0.00036	-0.264	
			-0.000356	-1.6					-0.000356	-0.264	
			-0.000352	-1.6					-0.000352	-0.264	
			-0.000348	-1.6					-0.000348	-0.264	
			-0.000344	-1.6					-0.000344	-0.256	
			-0.00034	-1.4					-0.00034	-0.264	
			-0.000336	-1.4					-0.000336	-0.256	
			-0.000332	-1.4					-0.000332	-0.256	
			-0.000328	-1.4					-0.000328	-0.256	
			-0.000324	-1.4					-0.000324	-0.256	
			-0.00032	-1.2					-0.00032	-0.264	
			-0.000316	-1.2					-0.000316	-0.256	
			-0.000312	-1.2					-0.000312	-0.256	
			-0.000308	-1.2					-0.000308	-0.256	
			-0.000304	-1.2					-0.000304	-0.256	
			-0.0003	-1.2					-0.0003	-0.256	
			-0.000296	-1					-0.000296	-0.248	
			-0.000292	-1					-0.000292	-0.248	
			-0.000288	-1					-0.000288	-0.248	
			-0.000284	-1					-0.000284	-0.248	
			-0.00028	-1					-0.00028	-0.256	
			-0.000276	-0.8					-0.000276	-0.248	
			-0.000272	-0.8					-0.000272	-0.24	
			-0.000268	-0.8					-0.000268	-0.248	
			-0.000264	-0.8					-0.000264	-0.248	
			-0.00026	-0.8					-0.00026	-0.248	
			-0.000256	-0.8					-0.000256	-0.248	
			-0.000252	-0.8					-0.000252	-0.248	
			-0.000248	-0.6					-0.000248	-0.24	
			-0.000244	-0.6					-0.000244	-0.24	
			-0.00024	-0.6					-0.00024	-0.24	
			-0.000236	-0.6					-0.000236	-0.248	
			-0.000232	-0.6					-0.000232	-0.24	
			-0.000228	-0.4					-0.000228	-0.24	
			-0.000224	-0.4					-0.000224	-0.248	
			-0.00022	-0.4					-0.00022	-0.248	
			-0.000216	-0.4					-0.000216	-0.24	
			-0.000212	-0.4					-0.000212	-0.24	
			-0.000208	-0.2					-0.000208	-0.24	
			-0.000204	-0.4					-0.000204	-0.24	
			-0.0002	-0.2					-0.0002	-0.24	
			-0.000196	-0.2					-0.000196	-0.232	
			-0.000192	-0.2					-0.000192	-0.232	
			-0.000188	-0.2					-0.000188	-0.232	
			-0.000184	0					-0.000184	-0.24	
			-0.00018	0					-0.00018	-0.224	
			-0.000176	0					-0.000176	-0.232	
			-0.000172	0					-0.000172	-0.232	
			-0.000168	0.2					-0.000168	-0.232	
			-0.000164	0.2					-0.000164	-0.224	
			-0.00016	0.2					-0.00016	-0.232	
			-0.000156	0.2					-0.000156	-0.224	
			-0.000152	0.2					-0.000152	-0.224	
			-0.000148	0.2					-0.000148	-0.224	
			-0.000144	0.2					-0.000144	-0.224	
			-0.00014	0.4					-0.00014	-0.224	
			-0.000136	0.4					-0.000136	-0.224	
			-0.000132	0.4					-0.000132	-0.216	
			-0.000128	0.4					-0.000128	-0.216	
			-0.000124	0.4					-0.000124	-0.216	
			-0.00012	0.6					-0.00012	-0.216	
			-0.000116	0.6					-0.000116	-0.216	
			-0.000112	0.6					-0.000112	-0.216	
			-0.000108	0.6					-0.000108	-0.216	
			-0.000104	0.8					-0.000104	-0.216	
			-0.0001	0.8					-0.0001	-0.208	
			-9.60003e-005	0.8					-9.60003e-005	-0.216	
			-9.20003e-005	0.8					-9.20003e-005	-0.208	
			-8.80003e-005	0.8					-8.80003e-005	-0.208	
			-8.40003e-005	0.8					-8.40003e-005	-0.208	
			-8.00003e-005	0.8					-8.00003e-005	-0.2	
			-7.60003e-005	1					-7.60003e-005	-0.208	
			-7.20003e-005	1					-7.20003e-005	-0.208	
			-6.80003e-005	1					-6.80003e-005	-0.208	
			-6.40003e-005	1					-6.40003e-005	-0.2	
			-6.00003e-005	1					-6.00003e-005	-0.208	
			-5.60003e-005	1					-5.60003e-005	-0.2	
			-5.20003e-005	1.2					-5.20003e-005	-0.2	
			-4.80003e-005	1.2					-4.80003e-005	-0.192	
			-4.40003e-005	1.2					-4.40003e-005	-0.192	
			-4.00003e-005	1.2					-4.00003e-005	-0.2	
			-3.60003e-005	1.2					-3.60003e-005	-0.2	
			-3.20003e-005	1.4					-3.20003e-005	-0.184	
			-2.80003e-005	1.4					-2.80003e-005	-0.192	
			-2.40003e-005	1.2					-2.40003e-005	-0.192	
			-2.00003e-005	1.4					-2.00003e-005	-0.184	
			-1.60003e-005	1.4					-1.60003e-005	-0.184	
			-1.20003e-005	1.4					-1.20003e-005	-0.184	
			-8.00034e-006	1.6					-8.00034e-006	-0.184	
			-4.00034e-006	1.6					-4.00034e-006	-0.184	
			-3.36058e-010	1.6					-3.36058e-010	-0.184	
			3.99966e-006	1.6					3.99966e-006	-0.184	
			7.99966e-006	1.6					7.99966e-006	-0.184	
			1.19997e-005	1.6					1.19997e-005	-0.176	
			1.59997e-005	1.8					1.59997e-005	-0.168	
			1.99997e-005	1.8					1.99997e-005	-0.176	
			2.39997e-005	1.8					2.39997e-005	-0.176	
			2.79997e-005	1.8					2.79997e-005	-0.168	
			3.19997e-005	1.8					3.19997e-005	-0.168	
			3.59997e-005	1.8					3.59997e-005	-0.16	
			3.99997e-005	2					3.99997e-005	-0.168	
			4.39997e-005	2					4.39997e-005	-0.16	
			4.79997e-005	2					4.79997e-005	-0.168	
			5.19997e-005	2					5.19997e-005	-0.16	
			5.59997e-005	2					5.59997e-005	-0.16	
			5.99997e-005	2.2					5.99997e-005	-0.16	
			6.39997e-005	2.2					6.39997e-005	-0.16	
			6.79997e-005	2.2					6.79997e-005	-0.16	
			7.19997e-005	2.2					7.19997e-005	-0.152	
			7.59997e-005	2.2					7.59997e-005	-0.16	
			7.99997e-005	2.4					7.99997e-005	-0.144	
			8.39997e-005	2.4					8.39997e-005	-0.152	
			8.79997e-005	2.4					8.79997e-005	-0.152	
			9.19997e-005	2.4					9.19997e-005	-0.152	
			9.59997e-005	2.4					9.59997e-005	-0.144	
			9.99997e-005	2.6					9.99997e-005	-0.144	
			0.000104	2.6					0.000104	-0.144	
			0.000108	2.6					0.000108	-0.144	
			0.000112	2.6					0.000112	-0.136	
			0.000116	2.6					0.000116	-0.136	
			0.00012	2.6					0.00012	-0.136	
			0.000124	2.6					0.000124	-0.136	
			0.000128	2.8					0.000128	-0.136	
			0.000132	2.8					0.000132	-0.128	
			0.000136	2.8					0.000136	-0.128	
			0.00014	2.8					0.00014	-0.128	
			0.000144	2.8					0.000144	-0.136	
			0.000148	3					0.000148	-0.128	
			0.000152	3					0.000152	-0.12	
			0.000156	3					0.000156	-0.128	
			0.00016	3					0.00016	-0.12	
			0.000164	3					0.000164	-0.12	
			0.000168	3					0.000168	-0.128	
			0.000172	3					0.000172	-0.12	
			0.000176	3.2					0.000176	-0.112	
			0.00018	3.2					0.00018	-0.112	
			0.000184	3.2					0.000184	-0.112	
			0.000188	3.2					0.000188	-0.12	
			0.000192	3.2					0.000192	-0.104	
			0.000196	3.4					0.000196	-0.104	
			0.0002	3.2					0.0002	-0.104	
			0.000204	3.4					0.000204	-0.104	
			0.000208	3.4					0.000208	-0.104	
			0.000212	3.4					0.000212	-0.104	
			0.000216	3.4					0.000216	-0.096	
			0.00022	3.6					0.00022	-0.088	
			0.000224	3.6					0.000224	-0.088	
			0.000228	3.6					0.000228	-0.096	
			0.000232	3.6					0.000232	-0.088	
			0.000236	3.6					0.000236	-0.088	
			0.00024	3.8					0.00024	-0.088	
			0.000244	3.8					0.000244	-0.088	
			0.000248	3.8					0.000248	-0.088	
			0.000252	3.8					0.000252	-0.08	
			0.000256	3.8					0.000256	-0.08	
			0.00026	3.8					0.00026	-0.08	
			0.000264	4					0.000264	-0.08	
			0.000268	4					0.000268	-0.08	
			0.000272	4					0.000272	-0.072	
			0.000276	4					0.000276	-0.072	
			0.00028	4.2					0.00028	-0.072	
			0.000284	4					0.000284	-0.064	
			0.000288	4.2					0.000288	-0.064	
			0.000292	4.2					0.000292	-0.064	
			0.000296	4.2					0.000296	-0.056	
			0.0003	4.2					0.0003	-0.056	
			0.000304	4.2					0.000304	-0.064	
			0.000308	4.2					0.000308	-0.056	
			0.000312	4.4					0.000312	-0.056	
			0.000316	4.4					0.000316	-0.056	
			0.00032	4.4					0.00032	-0.048	
			0.000324	4.4					0.000324	-0.04	
			0.000328	4.4					0.000328	-0.048	
			0.000332	4.6					0.000332	-0.04	
			0.000336	4.4					0.000336	-0.048	
			0.00034	4.6					0.00034	-0.04	
			0.000344	4.6					0.000344	-0.032	
			0.000348	4.6					0.000348	-0.04	
			0.000352	4.8					0.000352	-0.04	
			0.000356	4.8					0.000356	-0.032	
			0.00036	4.8					0.00036	-0.032	
			0.000364	4.8					0.000364	-0.024	
			0.000368	4.8					0.000368	-0.024	
			0.000372	4.8					0.000372	-0.024	
			0.000376	4.8					0.000376	-0.024	
			0.00038	5					0.00038	-0.024	
			0.000384	5					0.000384	-0.016	
			0.000388	5					0.000388	-0.008	
			0.000392	5					0.000392	-0.016	
			0.000396	5					0.000396	-0.016	
			0.0004	5					0.0004	-0.008	
			0.000404	5					0.000404	-0.008	
			0.000408	5.2					0.000408	-0.008	
			0.000412	5.2					0.000412	-0.008	
			0.000416	5.2					0.000416	0	
			0.00042	5.2					0.00042	0	
			0.000424	5.2					0.000424	0	
			0.000428	5.4					0.000428	0	
			0.000432	5.2					0.000432	0.008	
			0.000436	5.4					0.000436	0.008	
			0.00044	5.4					0.00044	0.016	
			0.000444	5.4					0.000444	0.016	
			0.000448	5.4					0.000448	0.024	
			0.000452	5.6					0.000452	0.016	
			0.000456	5.6					0.000456	0.016	
			0.00046	5.6					0.00046	0.016	
			0.000464	5.6					0.000464	0.016	
			0.000468	5.6					0.000468	0.024	
			0.000472	5.6					0.000472	0.024	
			0.000476	5.8					0.000476	0.024	
			0.00048	5.8					0.00048	0.024	
			0.000484	5.8					0.000484	0.032	
			0.000488	5.8					0.000488	0.032	
			0.000492	5.8					0.000492	0.032	
			0.000496	6					0.000496	0.04	
			0.0005	5.8					0.0005	0.04	
			0.000504	6					0.000504	0.048	
			0.000508	6					0.000508	0.04	
			0.000512	6					0.000512	0.048	
			0.000516	6.2					0.000516	0.048	
			0.00052	6.2					0.00052	0.048	
			0.000524	6.2					0.000524	0.056	
			0.000528	6.2					0.000528	0.056	
			0.000532	6.2					0.000532	0.056	
			0.000536	6.4					0.000536	0.056	
			0.00054	6.4					0.00054	0.056	
			0.000544	6.4					0.000544	0.064	
			0.000548	6.4					0.000548	0.072	
			0.000552	6.4					0.000552	0.072	
			0.000556	6.4					0.000556	0.072	
			0.00056	6.4					0.00056	0.072	
			0.000564	6.6					0.000564	0.072	
			0.000568	6.6					0.000568	0.072	
			0.000572	6.6					0.000572	0.08	
			0.000576	6.6					0.000576	0.088	
			0.00058	6.6					0.00058	0.088	
			0.000584	6.6					0.000584	0.088	
			0.000588	6.8					0.000588	0.088	
			0.000592	6.8					0.000592	0.088	
			0.000596	6.8					0.000596	0.088	
			0.0006	6.8					0.0006	0.096	
			0.000604	6.8					0.000604	0.096	
			0.000608	6.8					0.000608	0.104	
			0.000612	6.8					0.000612	0.104	
			0.000616	6.8					0.000616	0.104	
			0.00062	7					0.00062	0.104	
			0.000624	7					0.000624	0.112	
			0.000628	7					0.000628	0.112	
			0.000632	7					0.000632	0.112	
			0.000636	7					0.000636	0.112	
			0.00064	7					0.00064	0.112	
			0.000644	7.2					0.000644	0.112	
			0.000648	7.2					0.000648	0.12	
			0.000652	7.2					0.000652	0.128	
			0.000656	7.4					0.000656	0.128	
			0.00066	7.2					0.00066	0.128	
			0.000664	7.2					0.000664	0.128	
			0.000668	7.4					0.000668	0.136	
			0.000672	7.4					0.000672	0.136	
			0.000676	7.4					0.000676	0.136	
			0.00068	7.4					0.00068	0.144	
			0.000684	7.4					0.000684	0.144	
			0.000688	7.4					0.000688	0.144	
			0.000692	7.6					0.000692	0.144	
			0.000696	7.6					0.000696	0.144	
			0.0007	7.6					0.0007	0.152	
			0.000704	7.6					0.000704	0.152	
			0.000708	7.6					0.000708	0.16	
			0.000712	7.6					0.000712	0.16	
			0.000716	7.6					0.000716	0.16	
			0.00072	7.6					0.00072	0.16	
			0.000724	7.4					0.000724	0.168	
			0.000728	7.6					0.000728	0.168	
			0.000732	7.4					0.000732	0.168	
			0.000736	7.4					0.000736	0.168	
			0.00074	7.4					0.00074	0.176	
			0.000744	7.4					0.000744	0.176	
			0.000748	7.2					0.000748	0.184	
			0.000752	7.2					0.000752	0.184	
			0.000756	7.2					0.000756	0.176	
			0.00076	7.2					0.00076	0.184	
			0.000764	7.2					0.000764	0.176	
			0.000768	7.2					0.000768	0.184	
			0.000772	7					0.000772	0.192	
			0.000776	7					0.000776	0.192	
			0.00078	7					0.00078	0.192	
			0.000784	7					0.000784	0.192	
			0.000788	7					0.000788	0.192	
			0.000792	7					0.000792	0.192	
			0.000796	6.8					0.000796	0.2	
			0.0008	6.8					0.0008	0.192	
			0.000804	6.8					0.000804	0.2	
			0.000808	6.8					0.000808	0.208	
			0.000812	6.8					0.000812	0.208	
			0.000816	6.8					0.000816	0.208	
			0.00082	6.8					0.00082	0.208	
			0.000824	6.6					0.000824	0.216	
			0.000828	6.6					0.000828	0.216	
			0.000832	6.6					0.000832	0.208	
			0.000836	6.6					0.000836	0.216	
			0.00084	6.6					0.00084	0.216	
			0.000844	6.6					0.000844	0.224	
			0.000848	6.4					0.000848	0.224	
			0.000852	6.4					0.000852	0.216	
			0.000856	6.4					0.000856	0.216	
			0.00086	6.4					0.00086	0.224	
			0.000864	6.4					0.000864	0.224	
			0.000868	6.2					0.000868	0.224	
			0.000872	6.2					0.000872	0.232	
			0.000876	6.2					0.000876	0.232	
			0.00088	6.2					0.00088	0.224	
			0.000884	6.2					0.000884	0.232	
			0.000888	6					0.000888	0.232	
			0.000892	6					0.000892	0.232	
			0.000896	6					0.000896	0.232	
			0.0009	6					0.0009	0.232	
			0.000904	6					0.000904	0.24	
			0.000908	6					0.000908	0.24	
			0.000912	6					0.000912	0.24	
			0.000916	6					0.000916	0.24	
			0.00092	5.8					0.00092	0.24	
			0.000924	5.8					0.000924	0.24	
			0.000928	5.8					0.000928	0.248	
			0.000932	5.6					0.000932	0.248	
			0.000936	5.6					0.000936	0.248	
			0.00094	5.6					0.00094	0.248	
			0.000944	5.6					0.000944	0.248	
			0.000948	5.6					0.000948	0.256	
			0.000952	5.4					0.000952	0.248	
			0.000956	5.4					0.000956	0.256	
			0.00096	5.4					0.00096	0.248	
			0.000964	5.4					0.000964	0.256	
			0.000968	5.4					0.000968	0.256	
			0.000972	5.4					0.000972	0.264	
			0.000976	5.4					0.000976	0.256	
			0.00098	5.2					0.00098	0.256	
			0.000984	5.2					0.000984	0.256	
			0.000988	5.2					0.000988	0.264	
			0.000992	5.2					0.000992	0.256	
			0.000996	5.2					0.000996	0.264	
			0.001	5					0.001	0.256	
			0.001004	5					0.001004	0.256	
			0.001008	5					0.001008	0.256	
			0.001012	5					0.001012	0.264	
			0.001016	5					0.001016	0.264	
			0.00102	4.8					0.00102	0.264	
			0.001024	4.8					0.001024	0.264	
			0.001028	4.8					0.001028	0.264	
			0.001032	4.8					0.001032	0.264	
			0.001036	4.8					0.001036	0.264	
			0.00104	4.8					0.00104	0.264	
			0.001044	4.6					0.001044	0.264	
			0.001048	4.8					0.001048	0.264	
			0.001052	4.6					0.001052	0.264	
			0.001056	4.6					0.001056	0.264	
			0.00106	4.6					0.00106	0.272	
			0.001064	4.6					0.001064	0.272	
			0.001068	4.6					0.001068	0.272	
			0.001072	4.4					0.001072	0.272	
			0.001076	4.4					0.001076	0.272	
			0.00108	4.4					0.00108	0.272	
			0.001084	4.4					0.001084	0.272	
			0.001088	4.2					0.001088	0.272	
			0.001092	4.4					0.001092	0.272	
			0.001096	4.2					0.001096	0.272	
			0.0011	4.2					0.0011	0.272	
			0.001104	4.2					0.001104	0.272	
			0.001108	4.2					0.001108	0.272	
			0.001112	4.2					0.001112	0.272	
			0.001116	4					0.001116	0.272	
			0.00112	4					0.00112	0.272	
			0.001124	4					0.001124	0.272	
			0.001128	4					0.001128	0.272	
			0.001132	4					0.001132	0.272	
			0.001136	3.8					0.001136	0.272	
			0.00114	4					0.00114	0.272	
			0.001144	3.8					0.001144	0.272	
			0.001148	3.8					0.001148	0.28	
			0.001152	3.8					0.001152	0.28	
			0.001156	3.6					0.001156	0.272	
			0.00116	3.6					0.00116	0.272	
			0.001164	3.6					0.001164	0.272	
			0.001168	3.6					0.001168	0.28	
			0.001172	3.6					0.001172	0.28	
			0.001176	3.6					0.001176	0.28	
			0.00118	3.4					0.00118	0.272	
			0.001184	3.4					0.001184	0.28	
			0.001188	3.4					0.001188	0.28	
			0.001192	3.4					0.001192	0.272	
			0.001196	3.4					0.001196	0.272	
			0.0012	3.4					0.0012	0.272	
			0.001204	3.2					0.001204	0.272	
			0.001208	3.4					0.001208	0.272	
			0.001212	3.2					0.001212	0.272	
			0.001216	3.2					0.001216	0.28	
			0.00122	3.2					0.00122	0.272	
			0.001224	3					0.001224	0.272	
			0.001228	3					0.001228	0.272	
			0.001232	3					0.001232	0.28	
			0.001236	2.8					0.001236	0.272	
			0.00124	2.8					0.00124	0.272	
			0.001244	3					0.001244	0.272	
			0.001248	2.8					0.001248	0.272	
			0.001252	2.8					0.001252	0.28	
			0.001256	2.8					0.001256	0.272	
			0.00126	2.8					0.00126	0.264	
			0.001264	2.8					0.001264	0.272	
			0.001268	2.8					0.001268	0.28	
			0.001272	2.8					0.001272	0.272	
			0.001276	2.6					0.001276	0.272	
			0.00128	2.6					0.00128	0.272	
			0.001284	2.6					0.001284	0.272	
			0.001288	2.6					0.001288	0.272	
			0.001292	2.6					0.001292	0.272	
			0.001296	2.6					0.001296	0.272	
			0.0013	2.4					0.0013	0.272	
			0.001304	2.4					0.001304	0.272	
			0.001308	2.4					0.001308	0.272	
			0.001312	2.4					0.001312	0.272	
			0.001316	2.4					0.001316	0.264	
			0.00132	2.2					0.00132	0.264	
			0.001324	2.2					0.001324	0.272	
			0.001328	2.2					0.001328	0.264	
			0.001332	2.2					0.001332	0.264	
			0.001336	2.2					0.001336	0.264	
			0.00134	2					0.00134	0.264	
			0.001344	2.2					0.001344	0.264	
			0.001348	2					0.001348	0.264	
			0.001352	2					0.001352	0.264	
			0.001356	2					0.001356	0.256	
			0.00136	1.8					0.00136	0.264	
			0.001364	1.8					0.001364	0.272	
			0.001368	1.8					0.001368	0.264	
			0.001372	1.8					0.001372	0.256	
			0.001376	1.8					0.001376	0.256	
			0.00138	1.6					0.00138	0.256	
			0.001384	1.6					0.001384	0.256	
			0.001388	1.6					0.001388	0.264	
			0.001392	1.6					0.001392	0.256	
			0.001396	1.6					0.001396	0.256	
			0.0014	1.6					0.0014	0.256	
			0.001404	1.4					0.001404	0.256	
			0.001408	1.4					0.001408	0.248	
			0.001412	1.4					0.001412	0.256	
			0.001416	1.4					0.001416	0.248	
			0.00142	1.4					0.00142	0.256	
			0.001424	1.4					0.001424	0.248	
			0.001428	1.2					0.001428	0.248	
			0.001432	1.2					0.001432	0.248	
			0.001436	1.2					0.001436	0.248	
			0.00144	1.2					0.00144	0.248	
			0.001444	1.2					0.001444	0.24	
			0.001448	1.2					0.001448	0.248	
			0.001452	1					0.001452	0.248	
			0.001456	1					0.001456	0.248	
			0.00146	1					0.00146	0.248	
			0.001464	1					0.001464	0.24	
			0.001468	1					0.001468	0.24	
			0.001472	0.8					0.001472	0.248	
			0.001476	0.8					0.001476	0.248	
			0.00148	0.8					0.00148	0.24	
			0.001484	0.8					0.001484	0.232	
			0.001488	0.8					0.001488	0.232	
			0.001492	0.8					0.001492	0.232	
			0.001496	0.8					0.001496	0.232	
			0.0015	0.6					0.0015	0.232	
			0.001504	0.6					0.001504	0.232	
			0.001508	0.6					0.001508	0.232	
			0.001512	0.6					0.001512	0.232	
			0.001516	0.6					0.001516	0.232	
			0.00152	0.6					0.00152	0.232	
			0.001524	0.4					0.001524	0.224	
			0.001528	0.4					0.001528	0.224	
			0.001532	0.4					0.001532	0.224	
			0.001536	0.4					0.001536	0.224	
			0.00154	0.2					0.00154	0.224	
			0.001544	0.2					0.001544	0.224	
			0.001548	0.2					0.001548	0.216	
			0.001552	0.2					0.001552	0.216	
			0.001556	0.2					0.001556	0.224	
			0.00156	0.2					0.00156	0.216	
			0.001564	0					0.001564	0.216	
			0.001568	0					0.001568	0.216	
			0.001572	0					0.001572	0.216	
			0.001576	0					0.001576	0.216	
			0.00158	-0.2					0.00158	0.216	
			0.001584	-0.2					0.001584	0.208	
			0.001588	-0.2					0.001588	0.208	
			0.001592	-0.2					0.001592	0.208	
			0.001596	-0.2					0.001596	0.208	
			0.0016	-0.2					0.0016	0.208	
			0.001604	-0.2					0.001604	0.208	
			0.001608	-0.4					0.001608	0.208	
			0.001612	-0.4					0.001612	0.2	
			0.001616	-0.4					0.001616	0.2	
			0.00162	-0.4					0.00162	0.208	
			0.001624	-0.4					0.001624	0.2	
			0.001628	-0.6					0.001628	0.2	
			0.001632	-0.6					0.001632	0.2	
			0.001636	-0.6					0.001636	0.192	
			0.00164	-0.6					0.00164	0.192	
			0.001644	-0.8					0.001644	0.192	
			0.001648	-0.6					0.001648	0.2	
			0.001652	-0.8					0.001652	0.192	
			0.001656	-0.6					0.001656	0.192	
			0.00166	-0.8					0.00166	0.184	
			0.001664	-1					0.001664	0.192	
			0.001668	-1					0.001668	0.184	
			0.001672	-1					0.001672	0.184	
			0.001676	-1					0.001676	0.192	
			0.00168	-1					0.00168	0.184	
			0.001684	-1					0.001684	0.176	
			0.001688	-1.2					0.001688	0.184	
			0.001692	-1.2					0.001692	0.184	
			0.001696	-1.2					0.001696	0.176	
			0.0017	-1.2					0.0017	0.176	
			0.001704	-1.2					0.001704	0.176	
			0.001708	-1.2					0.001708	0.168	
			0.001712	-1.2					0.001712	0.168	
			0.001716	-1.4					0.001716	0.168	
			0.00172	-1.2					0.00172	0.168	
			0.001724	-1.4					0.001724	0.176	
			0.001728	-1.4					0.001728	0.168	
			0.001732	-1.4					0.001732	0.168	
			0.001736	-1.4					0.001736	0.16	
			0.00174	-1.6					0.00174	0.16	
			0.001744	-1.6					0.001744	0.152	
			0.001748	-1.6					0.001748	0.16	
			0.001752	-1.6					0.001752	0.16	
			0.001756	-1.6					0.001756	0.16	
			0.00176	-1.8					0.00176	0.152	
			0.001764	-1.6					0.001764	0.152	
			0.001768	-1.8					0.001768	0.144	
			0.001772	-1.8					0.001772	0.144	
			0.001776	-1.8					0.001776	0.144	
			0.00178	-1.8					0.00178	0.144	
			0.001784	-1.8					0.001784	0.144	
			0.001788	-2					0.001788	0.136	
			0.001792	-2					0.001792	0.136	
			0.001796	-2					0.001796	0.136	
			0.0018	-2					0.0018	0.136	
			0.001804	-2					0.001804	0.136	
			0.001808	-2.2					0.001808	0.136	
			0.001812	-2.2					0.001812	0.136	
			0.001816	-2.2					0.001816	0.128	
			0.00182	-2.2					0.00182	0.128	
			0.001824	-2.2					0.001824	0.128	
			0.001828	-2.2					0.001828	0.128	
			0.001832	-2.4					0.001832	0.12	
			0.001836	-2.4					0.001836	0.12	
			0.00184	-2.4					0.00184	0.12	
			0.001844	-2.4					0.001844	0.12	
			0.001848	-2.6					0.001848	0.12	
			0.001852	-2.4					0.001852	0.12	
			0.001856	-2.6					0.001856	0.112	
			0.00186	-2.6					0.00186	0.112	
			0.001864	-2.6					0.001864	0.112	
			0.001868	-2.6					0.001868	0.112	
			0.001872	-2.6					0.001872	0.112	
			0.001876	-2.6					0.001876	0.104	
			0.00188	-2.8					0.00188	0.112	
			0.001884	-2.8					0.001884	0.104	
			0.001888	-2.8					0.001888	0.104	
			0.001892	-2.8					0.001892	0.096	
			0.001896	-3					0.001896	0.088	
			0.0019	-3					0.0019	0.096	
			0.001904	-3					0.001904	0.096	
			0.001908	-3					0.001908	0.096	
			0.001912	-3					0.001912	0.088	
			0.001916	-3					0.001916	0.088	
			0.00192	-3					0.00192	0.088	
			0.001924	-3.2					0.001924	0.08	
			0.001928	-3.2					0.001928	0.088	
			0.001932	-3.2					0.001932	0.08	
			0.001936	-3.2					0.001936	0.08	
			0.00194	-3.2					0.00194	0.08	
			0.001944	-3.4					0.001944	0.08	
			0.001948	-3.4					0.001948	0.072	
			0.001952	-3.4					0.001952	0.072	
			0.001956	-3.4					0.001956	0.064	
			0.00196	-3.4					0.00196	0.072	
			0.001964	-3.4					0.001964	0.064	
			0.001968	-3.6					0.001968	0.064	
			0.001972	-3.6					0.001972	0.064	
			0.001976	-3.6					0.001976	0.064	
			0.00198	-3.6					0.00198	0.056	
			0.001984	-3.8					0.001984	0.056	
			0.001988	-3.6					0.001988	0.056	
			0.001992	-3.8					0.001992	0.056	
			0.001996	-3.8					0.001996	0.056	
			0.002	-3.8					0.002	0.048	
			0.002004	-3.8					0.002004	0.048	
			0.002008	-3.8					0.002008	0.048	
			0.002012	-4					0.002012	0.04	
			0.002016	-4					0.002016	0.048	
			0.00202	-4					0.00202	0.04	
			0.002024	-4					0.002024	0.04	
			0.002028	-4.2					0.002028	0.04	
			0.002032	-4					0.002032	0.032	
			0.002036	-4.2					0.002036	0.032	
			0.00204	-4.2					0.00204	0.032	
			0.002044	-4.2					0.002044	0.032	
			0.002048	-4.2					0.002048	0.024	
			0.002052	-4.2					0.002052	0.024	
			0.002056	-4.2					0.002056	0.016	
			0.00206	-4.4					0.00206	0.024	
			0.002064	-4.4					0.002064	0.024	
			0.002068	-4.4					0.002068	0.016	
			0.002072	-4.4					0.002072	0.016	
			0.002076	-4.6					0.002076	0.016	
			0.00208	-4.4					0.00208	0.008	
			0.002084	-4.6					0.002084	0.008	
			0.002088	-4.6					0.002088	0.008	
			0.002092	-4.6					0.002092	0.008	
			0.002096	-4.6					0.002096	0.008	
			0.0021	-4.6					0.0021	0	
			0.002104	-4.8					0.002104	0	
			0.002108	-4.8					0.002108	0	
			0.002112	-4.8					0.002112	0	
			0.002116	-4.8					0.002116	-0.008	
			0.00212	-5					0.00212	-0.008	
			0.002124	-5					0.002124	-0.008	
			0.002128	-5					0.002128	-0.016	
			0.002132	-5					0.002132	-0.016	
			0.002136	-5					0.002136	-0.008	
			0.00214	-5					0.00214	-0.016	
			0.002144	-5					0.002144	-0.024	
			0.002148	-5					0.002148	-0.024	
			0.002152	-5.2					0.002152	-0.024	
			0.002156	-5.2					0.002156	-0.032	
			0.00216	-5.2					0.00216	-0.032	
			0.002164	-5.2					0.002164	-0.032	
			0.002168	-5.2					0.002168	-0.04	
			0.002172	-5.4					0.002172	-0.032	
			0.002176	-5.4					0.002176	-0.032	
			0.00218	-5.4					0.00218	-0.04	
			0.002184	-5.4					0.002184	-0.048	
			0.002188	-5.4					0.002188	-0.048	
			0.002192	-5.6					0.002192	-0.048	
			0.002196	-5.4					0.002196	-0.048	
			0.0022	-5.6					0.0022	-0.056	
			0.002204	-5.6					0.002204	-0.056	
			0.002208	-5.6					0.002208	-0.048	
			0.002212	-5.6					0.002212	-0.056	
			0.002216	-5.6					0.002216	-0.056	
			0.00222	-5.6					0.00222	-0.064	
			0.002224	-5.8					0.002224	-0.064	
			0.002228	-5.8					0.002228	-0.072	
			0.002232	-5.8					0.002232	-0.072	
			0.002236	-5.8					0.002236	-0.072	
			0.00224	-5.8					0.00224	-0.072	
			0.002244	-6					0.002244	-0.072	
			0.002248	-6					0.002248	-0.08	
			0.002252	-6					0.002252	-0.08	
			0.002256	-6					0.002256	-0.08	
			0.00226	-6					0.00226	-0.08	
			0.002264	-6					0.002264	-0.088	
			0.002268	-6					0.002268	-0.096	
			0.002272	-6.2					0.002272	-0.088	
			0.002276	-6.2					0.002276	-0.096	
			0.00228	-6.2					0.00228	-0.096	
			0.002284	-6.4					0.002284	-0.096	
			0.002288	-6.4					0.002288	-0.104	
			0.002292	-6.4					0.002292	-0.104	
			0.002296	-6.4					0.002296	-0.104	
			0.0023	-6.4					0.0023	-0.104	
			0.002304	-6.4					0.002304	-0.112	
			0.002308	-6.4					0.002308	-0.112	
			0.002312	-6.6					0.002312	-0.12	
			0.002316	-6.6					0.002316	-0.112	
			0.00232	-6.6					0.00232	-0.12	
			0.002324	-6.6					0.002324	-0.12	
			0.002328	-6.6					0.002328	-0.128	
			0.002332	-6.6					0.002332	-0.128	
			0.002336	-6.6					0.002336	-0.128	
			0.00234	-6.8					0.00234	-0.136	
			0.002344	-6.8					0.002344	-0.136	
			0.002348	-6.8					0.002348	-0.136	
			0.002352	-6.8					0.002352	-0.136	
			0.002356	-7					0.002356	-0.136	
			0.00236	-7					0.00236	-0.136	
			0.002364	-7					0.002364	-0.144	
			0.002368	-7					0.002368	-0.144	
			0.002372	-7					0.002372	-0.144	
			0.002376	-7					0.002376	-0.152	
			0.00238	-7					0.00238	-0.152	
			0.002384	-7					0.002384	-0.16	
			0.002388	-6.8					0.002388	-0.16	
			0.002392	-6.8					0.002392	-0.16	
			0.002396	-6.8					0.002396	-0.168	
			0.0024	-6.8					0.0024	-0.168	
			0.002404	-6.8					0.002404	-0.16	
			0.002408	-6.8					0.002408	-0.168	
			0.002412	-6.8					0.002412	-0.176	
			0.002416	-6.6					0.002416	-0.176	
			0.00242	-6.6					0.00242	-0.176	
			0.002424	-6.6					0.002424	-0.176	
			0.002428	-6.6					0.002428	-0.176	
			0.002432	-6.6					0.002432	-0.184	
			0.002436	-6.4					0.002436	-0.176	
			0.00244	-6.4					0.00244	-0.184	
			0.002444	-6.4					0.002444	-0.184	
			0.002448	-6.4					0.002448	-0.184	
			0.002452	-6.4					0.002452	-0.184	
			0.002456	-6.2					0.002456	-0.184	
			0.00246	-6.2					0.00246	-0.2	
			0.002464	-6.2					0.002464	-0.192	
			0.002468	-6.2					0.002468	-0.192	
			0.002472	-6.2					0.002472	-0.2	
			0.002476	-6.2					0.002476	-0.2	
			0.00248	-6					0.00248	-0.208	
			0.002484	-6					0.002484	-0.2	
			0.002488	-6					0.002488	-0.208	
			0.002492	-6					0.002492	-0.208	
			0.002496	-5.8					0.002496	-0.208	
			0.0025	-6					0.0025	-0.208	
			0.002504	-5.8					0.002504	-0.208	
			0.002508	-5.8					0.002508	-0.216	
			0.002512	-5.8					0.002512	-0.216	
			0.002516	-5.8					0.002516	-0.216	
			0.00252	-5.6					0.00252	-0.216	
			0.002524	-5.6					0.002524	-0.216	
			0.002528	-5.6					0.002528	-0.216	
			0.002532	-5.6					0.002532	-0.216	
			0.002536	-5.6					0.002536	-0.224	
			0.00254	-5.6					0.00254	-0.224	
			0.002544	-5.6					0.002544	-0.224	
			0.002548	-5.6					0.002548	-0.232	
			0.002552	-5.4					0.002552	-0.232	
			0.002556	-5.4					0.002556	-0.232	
			0.00256	-5.4					0.00256	-0.232	
			0.002564	-5.2					0.002564	-0.232	
			0.002568	-5.2					0.002568	-0.232	
			0.002572	-5.2					0.002572	-0.232	
			0.002576	-5.2					0.002576	-0.232	
			0.00258	-5.2					0.00258	-0.24	
			0.002584	-5.2					0.002584	-0.24	
			0.002588	-5.2					0.002588	-0.24	
			0.002592	-5					0.002592	-0.24	
			0.002596	-5					0.002596	-0.24	
			0.0026	-5					0.0026	-0.24	
			0.002604	-5					0.002604	-0.24	
			0.002608	-5					0.002608	-0.24	
			0.002612	-4.8					0.002612	-0.24	
			0.002616	-4.8					0.002616	-0.248	
			0.00262	-4.8					0.00262	-0.248	
			0.002624	-4.8					0.002624	-0.248	
			0.002628	-4.8					0.002628	-0.248	
			0.002632	-4.8					0.002632	-0.248	
			0.002636	-4.8					0.002636	-0.248	
			0.00264	-4.6					0.00264	-0.248	
			0.002644	-4.6					0.002644	-0.248	
			0.002648	-4.6					0.002648	-0.248	
			0.002652	-4.6					0.002652	-0.248	
			0.002656	-4.6					0.002656	-0.248	
			0.00266	-4.4					0.00266	-0.248	
			0.002664	-4.4					0.002664	-0.256	
			0.002668	-4.4					0.002668	-0.256	
			0.002672	-4.2					0.002672	-0.248	
			0.002676	-4.4					0.002676	-0.256	
			0.00268	-4.2					0.00268	-0.256	
			0.002684	-4.2					0.002684	-0.256	
			0.002688	-4.2					0.002688	-0.256	
			0.002692	-4.2					0.002692	-0.256	
			0.002696	-4.2					0.002696	-0.256	
			0.0027	-4					0.0027	-0.256	
			0.002704	-4.2					0.002704	-0.264	
			0.002708	-4					0.002708	-0.256	
			0.002712	-4					0.002712	-0.264	
			0.002716	-4					0.002716	-0.264	
			0.00272	-4					0.00272	-0.256	
			0.002724	-4					0.002724	-0.264	
			0.002728	-3.8					0.002728	-0.264	
			0.002732	-3.8					0.002732	-0.264	
			0.002736	-3.8					0.002736	-0.264	
			0.00274	-3.8					0.00274	-0.264	
			0.002744	-3.6					0.002744	-0.264	
			0.002748	-3.6					0.002748	-0.264	
			0.002752	-3.6					0.002752	-0.272	
			0.002756	-3.6					0.002756	-0.264	
			0.00276	-3.6					0.00276	-0.264	
			0.002764	-3.4					0.002764	-0.264	
			0.002768	-3.4					0.002768	-0.264	
			0.002772	-3.4					0.002772	-0.264	
			0.002776	-3.4					0.002776	-0.264	
			0.00278	-3.4					0.00278	-0.264	
			0.002784	-3.4					0.002784	-0.272	
			0.002788	-3.2					0.002788	-0.264	
			0.002792	-3.2					0.002792	-0.272	
			0.002796	-3.2					0.002796	-0.272	
			0.0028	-3.2					0.0028	-0.272	
			0.002804	-3.2					0.002804	-0.264	
			0.002808	-3					0.002808	-0.272	
			0.002812	-3					0.002812	-0.272	
			0.002816	-3					0.002816	-0.264	
			0.00282	-3					0.00282	-0.272	
			0.002824	-3					0.002824	-0.272	
			0.002828	-3					0.002828	-0.272	
			0.002832	-2.8					0.002832	-0.272	
			0.002836	-2.8					0.002836	-0.272	
			0.00284	-2.8					0.00284	-0.272	
			0.002844	-2.8					0.002844	-0.264	
			0.002848	-2.8					0.002848	-0.272	
			0.002852	-2.8					0.002852	-0.272	
			0.002856	-2.8					0.002856	-0.272	
			0.00286	-2.6					0.00286	-0.272	
			0.002864	-2.6					0.002864	-0.264	
			0.002868	-2.6					0.002868	-0.264	
			0.002872	-2.4					0.002872	-0.272	
			0.002876	-2.6					0.002876	-0.272	
			0.00288	-2.4					0.00288	-0.264	
			0.002884	-2.4					0.002884	-0.272	
			0.002888	-2.4					0.002888	-0.272	
			0.002892	-2.4					0.002892	-0.264	
			0.002896	-2.4					0.002896	-0.272	
			0.0029	-2.2					0.0029	-0.272	
			0.002904	-2.2					0.002904	-0.264	
			0.002908	-2.2					0.002908	-0.272	
			0.002912	-2.2					0.002912	-0.264	
			0.002916	-2.2					0.002916	-0.264	
			0.00292	-2.2					0.00292	-0.264	
			0.002924	-2.2					0.002924	-0.272	
			0.002928	-2					0.002928	-0.272	
			0.002932	-2					0.002932	-0.264	
			0.002936	-2					0.002936	-0.272	
			0.00294	-1.8					0.00294	-0.272	
			0.002944	-1.8					0.002944	-0.264	
			0.002948	-1.8					0.002948	-0.264	
			0.002952	-1.8					0.002952	-0.264	
			0.002956	-1.8					0.002956	-0.264	
			0.00296	-1.8					0.00296	-0.272	
			0.002964	-1.6					0.002964	-0.264	
			0.002968	-1.8					0.002968	-0.264	
			0.002972	-1.6					0.002972	-0.264	
			0.002976	-1.6					0.002976	-0.264	
			0.00298	-1.6					0.00298	-0.256	
			0.002984	-1.4					0.002984	-0.264	
			0.002988	-1.4					0.002988	-0.264	
			0.002992	-1.4					0.002992	-0.256	
			0.002996	-1.4					0.002996	-0.264	
			0.003	-1.4					0.003	-0.264	
			0.003004	-1.4					0.003004	-0.256	
			0.003008	-1.4					0.003008	-0.256	
			0.003012	-1.4					0.003012	-0.256	
			0.003016	-1.2					0.003016	-0.264	
			0.00302	-1.2					0.00302	-0.264	
			0.003024	-1.2					0.003024	-0.256	
			0.003028	-1.2					0.003028	-0.256	
			0.003032	-1.2					0.003032	-0.256	
			0.003036	-1					0.003036	-0.256	
			0.00304	-1					0.00304	-0.248	
			0.003044	-1					0.003044	-0.256	
			0.003048	-1					0.003048	-0.256	
			0.003052	-1					0.003052	-0.256	
			0.003056	-0.8					0.003056	-0.248	
			0.00306	-1					0.00306	-0.256	
			0.003064	-0.8					0.003064	-0.256	
			0.003068	-0.8					0.003068	-0.248	
			0.003072	-0.8					0.003072	-0.248	
			0.003076	-0.8					0.003076	-0.248	
			0.00308	-0.6					0.00308	-0.248	
			0.003084	-0.6					0.003084	-0.248	
			0.003088	-0.6					0.003088	-0.248	
			0.003092	-0.6					0.003092	-0.24	
			0.003096	-0.6					0.003096	-0.248	
			0.0031	-0.6					0.0031	-0.248	
			0.003104	-0.4					0.003104	-0.24	
			0.003108	-0.6					0.003108	-0.248	
			0.003112	-0.4					0.003112	-0.24	
			0.003116	-0.4					0.003116	-0.24	
			0.00312	-0.4					0.00312	-0.24	
			0.003124	-0.2					0.003124	-0.24	
			0.003128	-0.2					0.003128	-0.232	
			0.003132	-0.2					0.003132	-0.24	
			0.003136	-0.2					0.003136	-0.24	
			0.00314	-0.2					0.00314	-0.232	
			0.003144	-0.2					0.003144	-0.232	
			0.003148	0					0.003148	-0.232	
			0.003152	0					0.003152	-0.232	
			0.003156	0					0.003156	-0.232	
			0.00316	0					0.00316	-0.232	
			0.003164	0					0.003164	-0.232	
			0.003168	0					0.003168	-0.224	
			0.003172	0.2					0.003172	-0.224	
			0.003176	0.2					0.003176	-0.232	
			0.00318	0.2					0.00318	-0.224	
			0.003184	0.2					0.003184	-0.224	
			0.003188	0.4					0.003188	-0.224	
			0.003192	0.4					0.003192	-0.224	
			0.003196	0.4					0.003196	-0.224	
			0.0032	0.4					0.0032	-0.216	
			0.003204	0.4					0.003204	-0.224	
			0.003208	0.6					0.003208	-0.224	
			0.003212	0.6					0.003212	-0.216	
			0.003216	0.6					0.003216	-0.216	
			0.00322	0.6					0.00322	-0.216	
			0.003224	0.6					0.003224	-0.216	
			0.003228	0.6					0.003228	-0.216	
			0.003232	0.8					0.003232	-0.216	
			0.003236	0.8					0.003236	-0.208	
			0.00324	0.8					0.00324	-0.216	
			0.003244	0.8					0.003244	-0.216	
			0.003248	0.8					0.003248	-0.216	
			0.003252	0.8					0.003252	-0.2	
			0.003256	1					0.003256	-0.208	
			0.00326	1					0.00326	-0.208	
			0.003264	1					0.003264	-0.208	
			0.003268	1					0.003268	-0.208	
			0.003272	1					0.003272	-0.2	
			0.003276	1					0.003276	-0.2	
			0.00328	1					0.00328	-0.2	
			0.003284	1					0.003284	-0.2	
			0.003288	1.2					0.003288	-0.2	
			0.003292	1.2					0.003292	-0.192	
			0.003296	1.4					0.003296	-0.192	
			0.0033	1.2					0.0033	-0.192	
			0.003304	1.2					0.003304	-0.192	
			0.003308	1.4					0.003308	-0.192	
			0.003312	1.4					0.003312	-0.184	
			0.003316	1.4					0.003316	-0.184	
			0.00332	1.4					0.00332	-0.184	
			0.003324	1.6					0.003324	-0.184	
			0.003328	1.6					0.003328	-0.176	
			0.003332	1.6					0.003332	-0.184	
			0.003336	1.6					0.003336	-0.176	
			0.00334	1.6					0.00334	-0.184	
			0.003344	1.6					0.003344	-0.176	
			0.003348	1.8					0.003348	-0.176	
			0.003352	1.8					0.003352	-0.176	
			0.003356	1.8					0.003356	-0.176	
			0.00336	1.8					0.00336	-0.176	
			0.003364	1.8					0.003364	-0.168	
			0.003368	2					0.003368	-0.168	
			0.003372	2					0.003372	-0.168	
			0.003376	2					0.003376	-0.168	
			0.00338	2					0.00338	-0.168	
			0.003384	2					0.003384	-0.16	
			0.003388	2					0.003388	-0.16	
			0.003392	2.2					0.003392	-0.16	
			0.003396	2.2					0.003396	-0.16	
			0.0034	2.2					0.0034	-0.16	
			0.003404	2.2					0.003404	-0.152	
			0.003408	2.2					0.003408	-0.152	
			0.003412	2.2					0.003412	-0.152	
			0.003416	2.4					0.003416	-0.152	
			0.00342	2.4					0.00342	-0.152	
			0.003424	2.4					0.003424	-0.144	
			0.003428	2.4					0.003428	-0.144	
			0.003432	2.6					0.003432	-0.144	
			0.003436	2.6					0.003436	-0.144	
			0.00344	2.6					0.00344	-0.144	
			0.003444	2.6					0.003444	-0.136	
			0.003448	2.6					0.003448	-0.136	
			0.003452	2.6					0.003452	-0.136	
			0.003456	2.8					0.003456	-0.136	
			0.00346	2.8					0.00346	-0.136	
			0.003464	2.8					0.003464	-0.136	
			0.003468	2.8					0.003468	-0.128	
			0.003472	2.8					0.003472	-0.128	
			0.003476	2.8					0.003476	-0.128	
			0.00348	2.8					0.00348	-0.128	
			0.003484	2.8					0.003484	-0.12	
			0.003488	2.8					0.003488	-0.128	
			0.003492	3					0.003492	-0.12	
			0.003496	3					0.003496	-0.12	
			0.0035	3					0.0035	-0.12	
			0.003504	3					0.003504	-0.12	
			0.003508	3.2					0.003508	-0.12	
			0.003512	3.2					0.003512	-0.12	
			0.003516	3.2					0.003516	-0.112	
			0.00352	3.2					0.00352	-0.104	
			0.003524	3.2					0.003524	-0.104	
			0.003528	3.2					0.003528	-0.104	
			0.003532	3.4					0.003532	-0.104	
			0.003536	3.4					0.003536	-0.104	
			0.00354	3.4					0.00354	-0.096	
			0.003544	3.4					0.003544	-0.096	
			0.003548	3.4					0.003548	-0.096	
			0.003552	3.4					0.003552	-0.088	
			0.003556	3.6					0.003556	-0.096	
			0.00356	3.6					0.00356	-0.088	
			0.003564	3.6					0.003564	-0.096	
			0.003568	3.6					0.003568	-0.088	
			0.003572	3.6					0.003572	-0.088	
			0.003576	3.8					0.003576	-0.088	
			0.00358	3.8					0.00358	-0.088	
			0.003584	3.8					0.003584	-0.088	
			0.003588	3.8					0.003588	-0.08	
			0.003592	4					0.003592	-0.08	
			0.003596	3.8					0.003596	-0.08	
			0.0036	4					0.0036	-0.072	
			0.003604	4					0.003604	-0.064	
			0.003608	4					0.003608	-0.072	
			0.003612	4.2					0.003612	-0.064	
			0.003616	4.2					0.003616	-0.064	
			0.00362	4.2					0.00362	-0.064	
			0.003624	4.2					0.003624	-0.064	
			0.003628	4.2					0.003628	-0.064	
			0.003632	4.2					0.003632	-0.056	
			0.003636	4.2					0.003636	-0.056	
			0.00364	4.2					0.00364	-0.056	
			0.003644	4.2					0.003644	-0.056	
			0.003648	4.4					0.003648	-0.048	
			0.003652	4.4					0.003652	-0.048	
			0.003656	4.4					0.003656	-0.048	
			0.00366	4.6					0.00366	-0.04	
			0.003664	4.6					0.003664	-0.048	
			0.003668	4.4					0.003668	-0.04	
			0.003672	4.6					0.003672	-0.04	
			0.003676	4.6					0.003676	-0.04	
			0.00368	4.6					0.00368	-0.04	
			0.003684	4.6					0.003684	-0.032	
			0.003688	4.8					0.003688	-0.032	
			0.003692	4.8					0.003692	-0.032	
			0.003696	4.8					0.003696	-0.032	
			0.0037	4.8					0.0037	-0.032	
			0.003704	4.8					0.003704	-0.032	
			0.003708	4.8					0.003708	-0.024	
			0.003712	4.8					0.003712	-0.016	
			0.003716	5					0.003716	-0.024	
			0.00372	5					0.00372	-0.024	
			0.003724	5					0.003724	-0.016	
			0.003728	5					0.003728	-0.008	
			0.003732	5					0.003732	-0.008	
			0.003736	5					0.003736	0	
			0.00374	5					0.00374	-0.008	
			0.003744	5.2					0.003744	0	
			0.003748	5.2					0.003748	0	
			0.003752	5.2					0.003752	0	
			0.003756	5.2					0.003756	0	
			0.00376	5.2					0.00376	0.008	
			0.003764	5.2					0.003764	0.008	
			0.003768	5.4					0.003768	0.008	
			0.003772	5.4					0.003772	0.008	
			0.003776	5.4					0.003776	0.016	
			0.00378	5.4					0.00378	0.008	
			0.003784	5.4					0.003784	0.016	
			0.003788	5.6					0.003788	0.016	
			0.003792	5.6					0.003792	0.016	
			0.003796	5.6					0.003796	0.016	
			0.0038	5.6					0.0038	0.016	
			0.003804	5.6					0.003804	0.024	
			0.003808	5.6					0.003808	0.024	
			0.003812	5.8					0.003812	0.024	
			0.003816	5.8					0.003816	0.032	
			0.00382	5.8					0.00382	0.024	
			0.003824	5.8					0.003824	0.04	
			0.003828	6					0.003828	0.032	
			0.003832	6					0.003832	0.04	
			0.003836	6					0.003836	0.04	
			0.00384	6					0.00384	0.04	
			0.003844	6					0.003844	0.04	
			0.003848	6					0.003848	0.04	
			0.003852	6.2					0.003852	0.048	
			0.003856	6.2					0.003856	0.048	
			0.00386	6.2					0.00386	0.056	
			0.003864	6.2					0.003864	0.056	
			0.003868	6.2					0.003868	0.056	
			0.003872	6.2					0.003872	0.056	
			0.003876	6.2					0.003876	0.064	
			0.00388	6.4					0.00388	0.064	
			0.003884	6.4					0.003884	0.064	
			0.003888	6.4					0.003888	0.072	
			0.003892	6.4					0.003892	0.072	
			0.003896	6.4					0.003896	0.072	
			0.0039	6.6					0.0039	0.072	
			0.003904	6.6					0.003904	0.088	
			0.003908	6.6					0.003908	0.088	
			0.003912	6.6					0.003912	0.08	
			0.003916	6.6					0.003916	0.088	
			0.00392	6.6					0.00392	0.088	
			0.003924	6.6					0.003924	0.088	
			0.003928	6.8					0.003928	0.096	
			0.003932	6.8					0.003932	0.096	
			0.003936	6.8					0.003936	0.096	
			0.00394	6.8					0.00394	0.096	
			0.003944	6.8					0.003944	0.104	
			0.003948	6.8					0.003948	0.104	
			0.003952	7					0.003952	0.104	
			0.003956	7					0.003956	0.112	
			0.00396	7					0.00396	0.112	
			0.003964	7					0.003964	0.112	
			0.003968	7.2					0.003968	0.112	
			0.003972	7					0.003972	0.112	
			0.003976	7.2					0.003976	0.12	
			0.00398	7.2					0.00398	0.12	
			0.003984	7.2					0.003984	0.128	
			0.003988	7.2					0.003988	0.128	
			0.003992	7.2					0.003992	0.128	
			0.003996	7.4					0.003996	0.128	
			0.004	7.4					0.004	0.128	
			0.004004	7.4					0.004004	0.136	
			0.004008	7.4					0.004008	0.136	
			0.004012	7.4					0.004012	0.136	
			0.004016	7.4					0.004016	0.144	
			0.00402	7.6					0.00402	0.144	
			0.004024	7.6					0.004024	0.152	
			0.004028	7.6					0.004028	0.152	
			0.004032	7.6					0.004032	0.152	
			0.004036	7.6					0.004036	0.152	
			0.00404	7.6					0.00404	0.152	
			0.004044	7.6					0.004044	0.152	
			0.004048	7.6					0.004048	0.16	
			0.004052	7.6					0.004052	0.16	
			0.004056	7.4					0.004056	0.168	
			0.00406	7.4					0.00406	0.176	
			0.004064	7.4					0.004064	0.176	
			0.004068	7.4					0.004068	0.168	
			0.004072	7.4					0.004072	0.176	
			0.004076	7.4					0.004076	0.176	
			0.00408	7.4					0.00408	0.176	
			0.004084	7.2					0.004084	0.184	
			0.004088	7.2					0.004088	0.184	
			0.004092	7.2					0.004092	0.184	
			0.004096	7.2					0.004096	0.184	
			0.0041	7.2					0.0041	0.184	
			0.004104	7.2					0.004104	0.192	
			0.004108	7.2					0.004108	0.184	
			0.004112	7					0.004112	0.192	
			0.004116	7					0.004116	0.192	
			0.00412	6.8					0.00412	0.192	
			0.004124	7					0.004124	0.192	
			0.004128	6.8					0.004128	0.2	
			0.004132	6.8					0.004132	0.2	
			0.004136	6.8					0.004136	0.2	
			0.00414	6.8					0.00414	0.2	
			0.004144	6.8					0.004144	0.2	
			0.004148	6.8					0.004148	0.208	
			0.004152	6.8					0.004152	0.216	
			0.004156	6.8					0.004156	0.216	
			0.00416	6.6					0.00416	0.216	
			0.004164	6.6					0.004164	0.216	
			0.004168	6.6					0.004168	0.216	
			0.004172	6.6					0.004172	0.216	
			0.004176	6.4					0.004176	0.216	
			0.00418	6.4					0.00418	0.216	
			0.004184	6.4					0.004184	0.224	
			0.004188	6.4					0.004188	0.224	
			0.004192	6.4					0.004192	0.216	
			0.004196	6.4					0.004196	0.224	
			0.0042	6.2					0.0042	0.224	
			0.004204	6.2					0.004204	0.224	
			0.004208	6.2					0.004208	0.232	
			0.004212	6.2					0.004212	0.232	
			0.004216	6.2					0.004216	0.24	
			0.00422	6.2					0.00422	0.232	
			0.004224	6.2					0.004224	0.232	
			0.004228	6					0.004228	0.232	
			0.004232	6					0.004232	0.232	
			0.004236	6					0.004236	0.24	
			0.00424	5.8					0.00424	0.24	
			0.004244	6					0.004244	0.24	
			0.004248	5.8					0.004248	0.24	
			0.004252	5.8					0.004252	0.248	
			0.004256	5.8					0.004256	0.24	
			0.00426	5.8					0.00426	0.248	
			0.004264	5.8					0.004264	0.248	
			0.004268	5.6					0.004268	0.248	
			0.004272	5.6					0.004272	0.248	
			0.004276	5.4					0.004276	0.248	
			0.00428	5.6					0.00428	0.248	
			0.004284	5.6					0.004284	0.256	
			0.004288	5.4					0.004288	0.248	
			0.004292	5.4					0.004292	0.248	
			0.004296	5.4					0.004296	0.256	
			0.0043	5.4					0.0043	0.256	
			0.004304	5.4					0.004304	0.256	
			0.004308	5.4					0.004308	0.256	
			0.004312	5.2					0.004312	0.264	
			0.004316	5.2					0.004316	0.256	
			0.00432	5.2					0.00432	0.256	
			0.004324	5.2					0.004324	0.264	
			0.004328	5					0.004328	0.256	
			0.004332	5.2					0.004332	0.256	
			0.004336	5					0.004336	0.264	
			0.00434	5					0.00434	0.264	
			0.004344	5					0.004344	0.264	
			0.004348	5					0.004348	0.264	
			0.004352	4.8					0.004352	0.264	
			0.004356	4.8					0.004356	0.264	
			0.00436	4.8					0.00436	0.264	
			0.004364	4.8					0.004364	0.264	
			0.004368	4.8					0.004368	0.264	
			0.004372	4.8					0.004372	0.272	
			0.004376	4.8					0.004376	0.264	
			0.00438	4.8					0.00438	0.264	
			0.004384	4.6					0.004384	0.272	
			0.004388	4.6					0.004388	0.264	
			0.004392	4.6					0.004392	0.272	
			0.004396	4.6					0.004396	0.28	
			0.0044	4.6					0.0044	0.272	
			0.004404	4.4					0.004404	0.272	
			0.004408	4.4					0.004408	0.272	
			0.004412	4.4					0.004412	0.272	
			0.004416	4.4					0.004416	0.272	
			0.00442	4.4					0.00442	0.28	
			0.004424	4.2					0.004424	0.272	
			0.004428	4.2					0.004428	0.272	
			0.004432	4.2					0.004432	0.272	
			0.004436	4.2					0.004436	0.272	
			0.00444	4.2					0.00444	0.28	
			0.004444	4.2					0.004444	0.272	
			0.004448	4					0.004448	0.272	
			0.004452	4					0.004452	0.272	
			0.004456	4					0.004456	0.272	
			0.00446	4					0.00446	0.28	
			0.004464	4					0.004464	0.28	
			0.004468	4					0.004468	0.272	
			0.004472	3.8					0.004472	0.272	
			0.004476	3.8					0.004476	0.272	
			0.00448	3.8					0.00448	0.28	
			0.004484	3.8					0.004484	0.272	
			0.004488	3.8					0.004488	0.272	
			0.004492	3.6					0.004492	0.28	
			0.004496	3.6					0.004496	0.272	
			0.0045	3.6					0.0045	0.272	
			0.004504	3.6					0.004504	0.272	
			0.004508	3.4					0.004508	0.272	
			0.004512	3.4					0.004512	0.272	
			0.004516	3.4					0.004516	0.28	
			0.00452	3.4					0.00452	0.28	
			0.004524	3.4					0.004524	0.272	
			0.004528	3.2					0.004528	0.272	
			0.004532	3.2					0.004532	0.28	
			0.004536	3.2					0.004536	0.28	
			0.00454	3.2					0.00454	0.272	
			0.004544	3.2					0.004544	0.272	
			0.004548	3.2					0.004548	0.28	
			0.004552	3.2					0.004552	0.272	
			0.004556	3					0.004556	0.28	
			0.00456	3					0.00456	0.272	
			0.004564	3					0.004564	0.28	
			0.004568	3					0.004568	0.272	
			0.004572	3					0.004572	0.272	
			0.004576	3					0.004576	0.272	
			0.00458	2.8					0.00458	0.28	
			0.004584	2.8					0.004584	0.272	
			0.004588	2.8					0.004588	0.272	
			0.004592	2.8					0.004592	0.272	
			0.004596	2.8					0.004596	0.272	
			0.0046	2.8					0.0046	0.272	
			0.004604	2.8					0.004604	0.272	
			0.004608	2.6					0.004608	0.272	
			0.004612	2.6					0.004612	0.272	
			0.004616	2.6					0.004616	0.272	
			0.00462	2.6					0.00462	0.272	
			0.004624	2.6					0.004624	0.272	
			0.004628	2.4					0.004628	0.272	
			0.004632	2.4					0.004632	0.272	
			0.004636	2.4					0.004636	0.272	
			0.00464	2.4					0.00464	0.272	
			0.004644	2.4					0.004644	0.272	
			0.004648	2.4					0.004648	0.272	
			0.004652	2.2					0.004652	0.264	
			0.004656	2.2					0.004656	0.264	
			0.00466	2.2					0.00466	0.272	
			0.004664	2.2					0.004664	0.264	
			0.004668	2.2					0.004668	0.264	
			0.004672	2					0.004672	0.264	
			0.004676	2					0.004676	0.264	
			0.00468	2					0.00468	0.264	
			0.004684	2					0.004684	0.264	
			0.004688	2					0.004688	0.264	
			0.004692	2					0.004692	0.256	
			0.004696	1.8					0.004696	0.264	
			0.0047	1.8					0.0047	0.256	
			0.004704	1.8					0.004704	0.264	
			0.004708	1.8					0.004708	0.264	
			0.004712	1.8					0.004712	0.264	
			0.004716	1.6					0.004716	0.256	
			0.00472	1.6					0.00472	0.264	
			0.004724	1.6					0.004724	0.256	
			0.004728	1.6					0.004728	0.256	
			0.004732	1.6					0.004732	0.256	
			0.004736	1.4					0.004736	0.248	
			0.00474	1.6					0.00474	0.256	
			0.004744	1.4					0.004744	0.256	
			0.004748	1.4					0.004748	0.256	
			0.004752	1.4					0.004752	0.256	
			0.004756	1.4					0.004756	0.256	
			0.00476	1.4					0.00476	0.248	
			0.004764	1.2					0.004764	0.248	
			0.004768	1.2					0.004768	0.248	
			0.004772	1.2					0.004772	0.248	
			0.004776	1.2					0.004776	0.248	
			0.00478	1					0.00478	0.248	
			0.004784	1					0.004784	0.248	
			0.004788	1					0.004788	0.248	
			0.004792	1					0.004792	0.24	
			0.004796	1					0.004796	0.24	
			0.0048	1					0.0048	0.24	
			0.004804	0.8					0.004804	0.24	
			0.004808	0.8					0.004808	0.24	
			0.004812	0.8					0.004812	0.232	
			0.004816	0.8					0.004816	0.24	
			0.00482	0.8					0.00482	0.232	
			0.004824	0.8					0.004824	0.24	
			0.004828	0.6					0.004828	0.24	
			0.004832	0.6					0.004832	0.232	
			0.004836	0.6					0.004836	0.224	
			0.00484	0.6					0.00484	0.232	
			0.004844	0.6					0.004844	0.24	
			0.004848	0.6					0.004848	0.232	
			0.004852	0.6					0.004852	0.224	
			0.004856	0.4					0.004856	0.224	
			0.00486	0.4					0.00486	0.224	
			0.004864	0.4					0.004864	0.224	
			0.004868	0.4					0.004868	0.224	
			0.004872	0.4					0.004872	0.224	
			0.004876	0.2					0.004876	0.224	
			0.00488	0.2					0.00488	0.216	
			0.004884	0.2					0.004884	0.216	
			0.004888	0.2					0.004888	0.216	
			0.004892	0.2					0.004892	0.224	
			0.004896	0					0.004896	0.224	
			0.0049	0					0.0049	0.216	
			0.004904	0					0.004904	0.216	
			0.004908	-0.2					0.004908	0.216	
			0.004912	0					0.004912	0.216	
			0.004916	-0.2					0.004916	0.208	
			0.00492	-0.2					0.00492	0.216	
			0.004924	-0.2					0.004924	0.216	
			0.004928	-0.2					0.004928	0.208	
			0.004932	-0.2					0.004932	0.2	
			0.004936	-0.4					0.004936	0.208	
			0.00494	-0.4					0.00494	0.2	
			0.004944	-0.4					0.004944	0.2	
			0.004948	-0.4					0.004948	0.2	
			0.004952	-0.6					0.004952	0.2	
			0.004956	-0.4					0.004956	0.2	
			0.00496	-0.6					0.00496	0.2	
			0.004964	-0.6					0.004964	0.2	
			0.004968	-0.6					0.004968	0.2	
			0.004972	-0.6					0.004972	0.192	
			0.004976	-0.8					0.004976	0.192	
			0.00498	-0.6					0.00498	0.184	
			0.004984	-0.8					0.004984	0.192	
			0.004988	-0.6					0.004988	0.192	
			0.004992	-0.8					0.004992	0.184	
			0.004996	-0.8					0.004996	0.184	
			0.005	-1					0.005	0.192	
