Record Length	2500	Points	-0.004996	-1		Record Length	2500	Points	-0.004996	0.2	
Sample Interval	4e-006	s	-0.004992	-1		Sample Interval	4e-006	s	-0.004992	0.2	
Trigger Point	1249.000084	Samples	-0.004988	-1		Trigger Point	1249.000084	Samples	-0.004988	0.2	
			-0.004984	-1					-0.004984	0.2	
			-0.00498	-1.2					-0.00498	0.192	
			-0.004976	-1.2					-0.004976	0.192	
Source	CH1		-0.004972	-1.2		Source	CH2		-0.004972	0.192	
Vertical Units	Volts		-0.004968	-1.2		Vertical Units	Volts		-0.004968	0.192	
Vertical Scale	5.00000007		-0.004964	-1.2		Vertical Scale	200.00000950E-3		-0.004964	0.192	
Vertical Offset	0		-0.00496	-1.4		Vertical Offset	0		-0.00496	0.184	
Horizontal Units	s		-0.004956	-1.4		Horizontal Units	s		-0.004956	0.192	
Horizontal Scale	1.000000E-3		-0.004952	-1.4		Horizontal Scale	1.000000E-3		-0.004952	0.184	
Pt Fmt	Y		-0.004948	-1.4		Pt Fmt	Y		-0.004948	0.176	
Yzero	320.00000000E-3		-0.004944	-1.6		Yzero	-40.00000000E-3		-0.004944	0.184	
Probe Atten	10.000000		-0.00494	-1.6		Probe Atten	10.000000		-0.00494	0.184	
			-0.004936	-1.6					-0.004936	0.184	
Note	TBS 1052B-EDU - 01:14:34 p.m.   08/03/2017		-0.004932	-1.6		Note	TBS 1052B-EDU - 01:14:34 p.m.   08/03/2017		-0.004932	0.184	
			-0.004928	-1.6					-0.004928	0.176	
			-0.004924	-1.6					-0.004924	0.176	
			-0.00492	-1.8					-0.00492	0.176	
			-0.004916	-1.8					-0.004916	0.176	
			-0.004912	-1.8					-0.004912	0.168	
			-0.004908	-1.8					-0.004908	0.168	
			-0.004904	-1.8					-0.004904	0.168	
			-0.0049	-2					-0.0049	0.16	
			-0.004896	-2					-0.004896	0.16	
			-0.004892	-2					-0.004892	0.16	
			-0.004888	-2					-0.004888	0.16	
			-0.004884	-2					-0.004884	0.16	
			-0.00488	-2.2					-0.00488	0.16	
			-0.004876	-2.2					-0.004876	0.152	
			-0.004872	-2.2					-0.004872	0.152	
			-0.004868	-2.2					-0.004868	0.152	
			-0.004864	-2.4					-0.004864	0.144	
			-0.00486	-2.4					-0.00486	0.144	
			-0.004856	-2.4					-0.004856	0.144	
			-0.004852	-2.4					-0.004852	0.144	
			-0.004848	-2.4					-0.004848	0.136	
			-0.004844	-2.4					-0.004844	0.136	
			-0.00484	-2.6					-0.00484	0.136	
			-0.004836	-2.6					-0.004836	0.136	
			-0.004832	-2.6					-0.004832	0.128	
			-0.004828	-2.6					-0.004828	0.136	
			-0.004824	-2.6					-0.004824	0.128	
			-0.00482	-2.8					-0.00482	0.128	
			-0.004816	-2.8					-0.004816	0.128	
			-0.004812	-2.8					-0.004812	0.128	
			-0.004808	-2.8					-0.004808	0.12	
			-0.004804	-3					-0.004804	0.12	
			-0.0048	-3					-0.0048	0.12	
			-0.004796	-3					-0.004796	0.12	
			-0.004792	-3					-0.004792	0.12	
			-0.004788	-3					-0.004788	0.112	
			-0.004784	-3.2					-0.004784	0.12	
			-0.00478	-3.2					-0.00478	0.112	
			-0.004776	-3.2					-0.004776	0.104	
			-0.004772	-3.2					-0.004772	0.104	
			-0.004768	-3.2					-0.004768	0.104	
			-0.004764	-3.2					-0.004764	0.104	
			-0.00476	-3.2					-0.00476	0.104	
			-0.004756	-3.4					-0.004756	0.096	
			-0.004752	-3.4					-0.004752	0.096	
			-0.004748	-3.4					-0.004748	0.088	
			-0.004744	-3.4					-0.004744	0.096	
			-0.00474	-3.6					-0.00474	0.096	
			-0.004736	-3.6					-0.004736	0.096	
			-0.004732	-3.6					-0.004732	0.088	
			-0.004728	-3.6					-0.004728	0.088	
			-0.004724	-3.6					-0.004724	0.088	
			-0.00472	-3.6					-0.00472	0.08	
			-0.004716	-3.8					-0.004716	0.08	
			-0.004712	-3.8					-0.004712	0.072	
			-0.004708	-3.8					-0.004708	0.072	
			-0.004704	-3.8					-0.004704	0.072	
			-0.0047	-3.8					-0.0047	0.072	
			-0.004696	-3.8					-0.004696	0.064	
			-0.004692	-3.8					-0.004692	0.064	
			-0.004688	-4					-0.004688	0.064	
			-0.004684	-4					-0.004684	0.064	
			-0.00468	-4					-0.00468	0.064	
			-0.004676	-4					-0.004676	0.056	
			-0.004672	-4					-0.004672	0.056	
			-0.004668	-4.2					-0.004668	0.056	
			-0.004664	-4.2					-0.004664	0.048	
			-0.00466	-4.2					-0.00466	0.048	
			-0.004656	-4.2					-0.004656	0.048	
			-0.004652	-4.2					-0.004652	0.04	
			-0.004648	-4.2					-0.004648	0.04	
			-0.004644	-4.2					-0.004644	0.04	
			-0.00464	-4.4					-0.00464	0.04	
			-0.004636	-4.4					-0.004636	0.04	
			-0.004632	-4.4					-0.004632	0.032	
			-0.004628	-4.4					-0.004628	0.032	
			-0.004624	-4.4					-0.004624	0.032	
			-0.00462	-4.4					-0.00462	0.032	
			-0.004616	-4.4					-0.004616	0.032	
			-0.004612	-4.4					-0.004612	0.024	
			-0.004608	-4.6					-0.004608	0.024	
			-0.004604	-4.6					-0.004604	0.024	
			-0.0046	-4.6					-0.0046	0.016	
			-0.004596	-4.6					-0.004596	0.016	
			-0.004592	-4.6					-0.004592	0.016	
			-0.004588	-4.6					-0.004588	0.016	
			-0.004584	-4.8					-0.004584	0.016	
			-0.00458	-4.8					-0.00458	0.008	
			-0.004576	-4.6					-0.004576	0.008	
			-0.004572	-4.8					-0.004572	0.008	
			-0.004568	-4.8					-0.004568	0.008	
			-0.004564	-4.8					-0.004564	-0.008	
			-0.00456	-4.8					-0.00456	0	
			-0.004556	-4.8					-0.004556	0	
			-0.004552	-4.8					-0.004552	0	
			-0.004548	-4.8					-0.004548	0	
			-0.004544	-5					-0.004544	-0.008	
			-0.00454	-4.8					-0.00454	-0.016	
			-0.004536	-5					-0.004536	-0.016	
			-0.004532	-5					-0.004532	-0.016	
			-0.004528	-5					-0.004528	-0.016	
			-0.004524	-5					-0.004524	-0.016	
			-0.00452	-5					-0.00452	-0.024	
			-0.004516	-5					-0.004516	-0.024	
			-0.004512	-5					-0.004512	-0.032	
			-0.004508	-5					-0.004508	-0.032	
			-0.004504	-5.2					-0.004504	-0.032	
			-0.0045	-5.2					-0.0045	-0.032	
			-0.004496	-5.2					-0.004496	-0.04	
			-0.004492	-5.2					-0.004492	-0.04	
			-0.004488	-5.2					-0.004488	-0.04	
			-0.004484	-5.2					-0.004484	-0.04	
			-0.00448	-5.2					-0.00448	-0.04	
			-0.004476	-5.2					-0.004476	-0.048	
			-0.004472	-5.2					-0.004472	-0.048	
			-0.004468	-5.2					-0.004468	-0.048	
			-0.004464	-5.2					-0.004464	-0.048	
			-0.00446	-5.2					-0.00446	-0.056	
			-0.004456	-5.4					-0.004456	-0.056	
			-0.004452	-5.4					-0.004452	-0.064	
			-0.004448	-5.4					-0.004448	-0.064	
			-0.004444	-5.2					-0.004444	-0.064	
			-0.00444	-5.4					-0.00444	-0.064	
			-0.004436	-5.4					-0.004436	-0.072	
			-0.004432	-5.4					-0.004432	-0.064	
			-0.004428	-5.4					-0.004428	-0.064	
			-0.004424	-5.4					-0.004424	-0.072	
			-0.00442	-5.4					-0.00442	-0.08	
			-0.004416	-5.4					-0.004416	-0.08	
			-0.004412	-5.4					-0.004412	-0.08	
			-0.004408	-5.4					-0.004408	-0.08	
			-0.004404	-5.4					-0.004404	-0.08	
			-0.0044	-5.4					-0.0044	-0.08	
			-0.004396	-5.4					-0.004396	-0.08	
			-0.004392	-5.6					-0.004392	-0.088	
			-0.004388	-5.6					-0.004388	-0.088	
			-0.004384	-5.6					-0.004384	-0.088	
			-0.00438	-5.6					-0.00438	-0.096	
			-0.004376	-5.6					-0.004376	-0.096	
			-0.004372	-5.6					-0.004372	-0.096	
			-0.004368	-5.6					-0.004368	-0.096	
			-0.004364	-5.6					-0.004364	-0.104	
			-0.00436	-5.6					-0.00436	-0.104	
			-0.004356	-5.6					-0.004356	-0.104	
			-0.004352	-5.6					-0.004352	-0.104	
			-0.004348	-5.6					-0.004348	-0.112	
			-0.004344	-5.6					-0.004344	-0.112	
			-0.00434	-5.6					-0.00434	-0.104	
			-0.004336	-5.6					-0.004336	-0.112	
			-0.004332	-5.6					-0.004332	-0.112	
			-0.004328	-5.6					-0.004328	-0.12	
			-0.004324	-5.6					-0.004324	-0.12	
			-0.00432	-5.6					-0.00432	-0.12	
			-0.004316	-5.6					-0.004316	-0.12	
			-0.004312	-5.6					-0.004312	-0.128	
			-0.004308	-5.6					-0.004308	-0.128	
			-0.004304	-5.6					-0.004304	-0.128	
			-0.0043	-5.6					-0.0043	-0.136	
			-0.004296	-5.6					-0.004296	-0.136	
			-0.004292	-5.6					-0.004292	-0.136	
			-0.004288	-5.6					-0.004288	-0.136	
			-0.004284	-5.6					-0.004284	-0.144	
			-0.00428	-5.6					-0.00428	-0.144	
			-0.004276	-5.6					-0.004276	-0.144	
			-0.004272	-5.6					-0.004272	-0.144	
			-0.004268	-5.6					-0.004268	-0.144	
			-0.004264	-5.6					-0.004264	-0.144	
			-0.00426	-5.6					-0.00426	-0.152	
			-0.004256	-5.6					-0.004256	-0.152	
			-0.004252	-5.6					-0.004252	-0.152	
			-0.004248	-5.6					-0.004248	-0.16	
			-0.004244	-5.6					-0.004244	-0.16	
			-0.00424	-5.6					-0.00424	-0.152	
			-0.004236	-5.6					-0.004236	-0.152	
			-0.004232	-5.6					-0.004232	-0.152	
			-0.004228	-5.6					-0.004228	-0.16	
			-0.004224	-5.6					-0.004224	-0.168	
			-0.00422	-5.6					-0.00422	-0.168	
			-0.004216	-5.6					-0.004216	-0.168	
			-0.004212	-5.6					-0.004212	-0.168	
			-0.004208	-5.6					-0.004208	-0.176	
			-0.004204	-5.6					-0.004204	-0.176	
			-0.0042	-5.6					-0.0042	-0.168	
			-0.004196	-5.6					-0.004196	-0.176	
			-0.004192	-5.6					-0.004192	-0.176	
			-0.004188	-5.6					-0.004188	-0.176	
			-0.004184	-5.6					-0.004184	-0.176	
			-0.00418	-5.6					-0.00418	-0.184	
			-0.004176	-5.6					-0.004176	-0.184	
			-0.004172	-5.6					-0.004172	-0.184	
			-0.004168	-5.6					-0.004168	-0.192	
			-0.004164	-5.4					-0.004164	-0.184	
			-0.00416	-5.6					-0.00416	-0.184	
			-0.004156	-5.6					-0.004156	-0.192	
			-0.004152	-5.6					-0.004152	-0.192	
			-0.004148	-5.4					-0.004148	-0.192	
			-0.004144	-5.6					-0.004144	-0.192	
			-0.00414	-5.6					-0.00414	-0.192	
			-0.004136	-5.4					-0.004136	-0.2	
			-0.004132	-5.4					-0.004132	-0.2	
			-0.004128	-5.4					-0.004128	-0.208	
			-0.004124	-5.4					-0.004124	-0.2	
			-0.00412	-5.4					-0.00412	-0.208	
			-0.004116	-5.4					-0.004116	-0.208	
			-0.004112	-5.4					-0.004112	-0.208	
			-0.004108	-5.4					-0.004108	-0.208	
			-0.004104	-5.4					-0.004104	-0.208	
			-0.0041	-5.4					-0.0041	-0.208	
			-0.004096	-5.2					-0.004096	-0.216	
			-0.004092	-5.4					-0.004092	-0.216	
			-0.004088	-5.2					-0.004088	-0.208	
			-0.004084	-5.2					-0.004084	-0.216	
			-0.00408	-5.2					-0.00408	-0.216	
			-0.004076	-5.2					-0.004076	-0.216	
			-0.004072	-5.2					-0.004072	-0.216	
			-0.004068	-5.2					-0.004068	-0.224	
			-0.004064	-5.2					-0.004064	-0.224	
			-0.00406	-5.2					-0.00406	-0.224	
			-0.004056	-5.2					-0.004056	-0.224	
			-0.004052	-5.2					-0.004052	-0.224	
			-0.004048	-5					-0.004048	-0.224	
			-0.004044	-5					-0.004044	-0.224	
			-0.00404	-5					-0.00404	-0.232	
			-0.004036	-5					-0.004036	-0.232	
			-0.004032	-5					-0.004032	-0.232	
			-0.004028	-5					-0.004028	-0.224	
			-0.004024	-5					-0.004024	-0.232	
			-0.00402	-5					-0.00402	-0.232	
			-0.004016	-5					-0.004016	-0.24	
			-0.004012	-5					-0.004012	-0.24	
			-0.004008	-5					-0.004008	-0.24	
			-0.004004	-5					-0.004004	-0.24	
			-0.004	-5					-0.004	-0.24	
			-0.003996	-4.8					-0.003996	-0.24	
			-0.003992	-4.8					-0.003992	-0.24	
			-0.003988	-4.8					-0.003988	-0.248	
			-0.003984	-4.8					-0.003984	-0.248	
			-0.00398	-4.8					-0.00398	-0.248	
			-0.003976	-4.8					-0.003976	-0.24	
			-0.003972	-4.8					-0.003972	-0.24	
			-0.003968	-4.8					-0.003968	-0.248	
			-0.003964	-4.6					-0.003964	-0.248	
			-0.00396	-4.6					-0.00396	-0.248	
			-0.003956	-4.6					-0.003956	-0.248	
			-0.003952	-4.6					-0.003952	-0.256	
			-0.003948	-4.6					-0.003948	-0.248	
			-0.003944	-4.6					-0.003944	-0.248	
			-0.00394	-4.6					-0.00394	-0.256	
			-0.003936	-4.4					-0.003936	-0.256	
			-0.003932	-4.4					-0.003932	-0.248	
			-0.003928	-4.4					-0.003928	-0.248	
			-0.003924	-4.4					-0.003924	-0.256	
			-0.00392	-4.4					-0.00392	-0.248	
			-0.003916	-4.4					-0.003916	-0.256	
			-0.003912	-4.4					-0.003912	-0.248	
			-0.003908	-4.2					-0.003908	-0.248	
			-0.003904	-4.2					-0.003904	-0.256	
			-0.0039	-4.2					-0.0039	-0.256	
			-0.003896	-4.2					-0.003896	-0.264	
			-0.003892	-4.2					-0.003892	-0.256	
			-0.003888	-4.2					-0.003888	-0.264	
			-0.003884	-4.2					-0.003884	-0.264	
			-0.00388	-4.2					-0.00388	-0.256	
			-0.003876	-4					-0.003876	-0.264	
			-0.003872	-4					-0.003872	-0.264	
			-0.003868	-4					-0.003868	-0.264	
			-0.003864	-4					-0.003864	-0.264	
			-0.00386	-3.8					-0.00386	-0.264	
			-0.003856	-3.8					-0.003856	-0.264	
			-0.003852	-3.8					-0.003852	-0.264	
			-0.003848	-3.8					-0.003848	-0.264	
			-0.003844	-3.8					-0.003844	-0.272	
			-0.00384	-3.8					-0.00384	-0.264	
			-0.003836	-3.6					-0.003836	-0.264	
			-0.003832	-3.6					-0.003832	-0.272	
			-0.003828	-3.6					-0.003828	-0.272	
			-0.003824	-3.6					-0.003824	-0.272	
			-0.00382	-3.6					-0.00382	-0.264	
			-0.003816	-3.6					-0.003816	-0.264	
			-0.003812	-3.6					-0.003812	-0.264	
			-0.003808	-3.4					-0.003808	-0.272	
			-0.003804	-3.6					-0.003804	-0.272	
			-0.0038	-3.4					-0.0038	-0.272	
			-0.003796	-3.4					-0.003796	-0.272	
			-0.003792	-3.4					-0.003792	-0.272	
			-0.003788	-3.2					-0.003788	-0.272	
			-0.003784	-3.2					-0.003784	-0.264	
			-0.00378	-3.2					-0.00378	-0.272	
			-0.003776	-3.2					-0.003776	-0.272	
			-0.003772	-3.2					-0.003772	-0.272	
			-0.003768	-3					-0.003768	-0.264	
			-0.003764	-3					-0.003764	-0.272	
			-0.00376	-3					-0.00376	-0.28	
			-0.003756	-3					-0.003756	-0.272	
			-0.003752	-3					-0.003752	-0.272	
			-0.003748	-2.8					-0.003748	-0.272	
			-0.003744	-2.8					-0.003744	-0.272	
			-0.00374	-2.8					-0.00374	-0.272	
			-0.003736	-2.8					-0.003736	-0.272	
			-0.003732	-2.8					-0.003732	-0.272	
			-0.003728	-2.8					-0.003728	-0.272	
			-0.003724	-2.6					-0.003724	-0.28	
			-0.00372	-2.6					-0.00372	-0.28	
			-0.003716	-2.6					-0.003716	-0.264	
			-0.003712	-2.6					-0.003712	-0.264	
			-0.003708	-2.6					-0.003708	-0.272	
			-0.003704	-2.6					-0.003704	-0.264	
			-0.0037	-2.4					-0.0037	-0.272	
			-0.003696	-2.4					-0.003696	-0.272	
			-0.003692	-2.4					-0.003692	-0.272	
			-0.003688	-2.4					-0.003688	-0.272	
			-0.003684	-2.4					-0.003684	-0.264	
			-0.00368	-2.2					-0.00368	-0.272	
			-0.003676	-2.2					-0.003676	-0.264	
			-0.003672	-2.2					-0.003672	-0.272	
			-0.003668	-2.2					-0.003668	-0.272	
			-0.003664	-2					-0.003664	-0.272	
			-0.00366	-2					-0.00366	-0.272	
			-0.003656	-2					-0.003656	-0.264	
			-0.003652	-2					-0.003652	-0.272	
			-0.003648	-2					-0.003648	-0.272	
			-0.003644	-1.8					-0.003644	-0.272	
			-0.00364	-1.8					-0.00364	-0.264	
			-0.003636	-1.8					-0.003636	-0.264	
			-0.003632	-1.8					-0.003632	-0.264	
			-0.003628	-1.6					-0.003628	-0.272	
			-0.003624	-1.6					-0.003624	-0.272	
			-0.00362	-1.6					-0.00362	-0.264	
			-0.003616	-1.6					-0.003616	-0.264	
			-0.003612	-1.6					-0.003612	-0.264	
			-0.003608	-1.4					-0.003608	-0.264	
			-0.003604	-1.4					-0.003604	-0.264	
			-0.0036	-1.4					-0.0036	-0.264	
			-0.003596	-1.4					-0.003596	-0.256	
			-0.003592	-1.4					-0.003592	-0.272	
			-0.003588	-1.2					-0.003588	-0.264	
			-0.003584	-1.2					-0.003584	-0.264	
			-0.00358	-1.2					-0.00358	-0.256	
			-0.003576	-1.2					-0.003576	-0.256	
			-0.003572	-1.2					-0.003572	-0.256	
			-0.003568	-1.2					-0.003568	-0.256	
			-0.003564	-1					-0.003564	-0.264	
			-0.00356	-1					-0.00356	-0.256	
			-0.003556	-1					-0.003556	-0.256	
			-0.003552	-0.8					-0.003552	-0.256	
			-0.003548	-0.8					-0.003548	-0.256	
			-0.003544	-0.8					-0.003544	-0.256	
			-0.00354	-0.8					-0.00354	-0.256	
			-0.003536	-0.6					-0.003536	-0.256	
			-0.003532	-0.6					-0.003532	-0.256	
			-0.003528	-0.6					-0.003528	-0.256	
			-0.003524	-0.6					-0.003524	-0.248	
			-0.00352	-0.4					-0.00352	-0.248	
			-0.003516	-0.6					-0.003516	-0.248	
			-0.003512	-0.4					-0.003512	-0.248	
			-0.003508	-0.4					-0.003508	-0.248	
			-0.003504	-0.4					-0.003504	-0.248	
			-0.0035	-0.4					-0.0035	-0.248	
			-0.003496	-0.2					-0.003496	-0.248	
			-0.003492	-0.2					-0.003492	-0.24	
			-0.003488	-0.2					-0.003488	-0.248	
			-0.003484	-0.2					-0.003484	-0.24	
			-0.00348	-0.2					-0.00348	-0.248	
			-0.003476	0					-0.003476	-0.24	
			-0.003472	0					-0.003472	-0.24	
			-0.003468	0					-0.003468	-0.24	
			-0.003464	0					-0.003464	-0.232	
			-0.00346	0.2					-0.00346	-0.232	
			-0.003456	0.2					-0.003456	-0.232	
			-0.003452	0.4					-0.003452	-0.232	
			-0.003448	0.2					-0.003448	-0.232	
			-0.003444	0.4					-0.003444	-0.224	
			-0.00344	0.4					-0.00344	-0.232	
			-0.003436	0.4					-0.003436	-0.232	
			-0.003432	0.6					-0.003432	-0.232	
			-0.003428	0.6					-0.003428	-0.224	
			-0.003424	0.8					-0.003424	-0.224	
			-0.00342	0.6					-0.00342	-0.224	
			-0.003416	0.6					-0.003416	-0.224	
			-0.003412	0.8					-0.003412	-0.224	
			-0.003408	0.8					-0.003408	-0.224	
			-0.003404	0.8					-0.003404	-0.216	
			-0.0034	0.8					-0.0034	-0.216	
			-0.003396	0.8					-0.003396	-0.216	
			-0.003392	1					-0.003392	-0.224	
			-0.003388	1					-0.003388	-0.216	
			-0.003384	1					-0.003384	-0.216	
			-0.00338	1					-0.00338	-0.216	
			-0.003376	1.2					-0.003376	-0.216	
			-0.003372	1.2					-0.003372	-0.208	
			-0.003368	1.2					-0.003368	-0.208	
			-0.003364	1.2					-0.003364	-0.216	
			-0.00336	1.4					-0.00336	-0.208	
			-0.003356	1.4					-0.003356	-0.208	
			-0.003352	1.4					-0.003352	-0.208	
			-0.003348	1.4					-0.003348	-0.2	
			-0.003344	1.4					-0.003344	-0.2	
			-0.00334	1.6					-0.00334	-0.2	
			-0.003336	1.6					-0.003336	-0.2	
			-0.003332	1.6					-0.003332	-0.2	
			-0.003328	1.6					-0.003328	-0.2	
			-0.003324	1.8					-0.003324	-0.192	
			-0.00332	1.8					-0.00332	-0.2	
			-0.003316	1.8					-0.003316	-0.192	
			-0.003312	1.8					-0.003312	-0.192	
			-0.003308	2					-0.003308	-0.192	
			-0.003304	1.8					-0.003304	-0.192	
			-0.0033	2					-0.0033	-0.184	
			-0.003296	2					-0.003296	-0.184	
			-0.003292	2					-0.003292	-0.184	
			-0.003288	2					-0.003288	-0.176	
			-0.003284	2.2					-0.003284	-0.176	
			-0.00328	2.2					-0.00328	-0.184	
			-0.003276	2.2					-0.003276	-0.176	
			-0.003272	2.2					-0.003272	-0.176	
			-0.003268	2.4					-0.003268	-0.176	
			-0.003264	2.4					-0.003264	-0.168	
			-0.00326	2.4					-0.00326	-0.168	
			-0.003256	2.4					-0.003256	-0.168	
			-0.003252	2.4					-0.003252	-0.16	
			-0.003248	2.4					-0.003248	-0.168	
			-0.003244	2.6					-0.003244	-0.168	
			-0.00324	2.6					-0.00324	-0.16	
			-0.003236	2.6					-0.003236	-0.16	
			-0.003232	2.6					-0.003232	-0.16	
			-0.003228	2.8					-0.003228	-0.152	
			-0.003224	2.8					-0.003224	-0.16	
			-0.00322	2.8					-0.00322	-0.152	
			-0.003216	2.8					-0.003216	-0.152	
			-0.003212	2.8					-0.003212	-0.144	
			-0.003208	3					-0.003208	-0.152	
			-0.003204	3					-0.003204	-0.152	
			-0.0032	3					-0.0032	-0.144	
			-0.003196	3					-0.003196	-0.136	
			-0.003192	3.2					-0.003192	-0.136	
			-0.003188	3.2					-0.003188	-0.144	
			-0.003184	3.2					-0.003184	-0.136	
			-0.00318	3.2					-0.00318	-0.136	
			-0.003176	3.2					-0.003176	-0.136	
			-0.003172	3.2					-0.003172	-0.136	
			-0.003168	3.4					-0.003168	-0.136	
			-0.003164	3.4					-0.003164	-0.128	
			-0.00316	3.4					-0.00316	-0.128	
			-0.003156	3.4					-0.003156	-0.128	
			-0.003152	3.4					-0.003152	-0.128	
			-0.003148	3.6					-0.003148	-0.128	
			-0.003144	3.6					-0.003144	-0.12	
			-0.00314	3.6					-0.00314	-0.12	
			-0.003136	3.8					-0.003136	-0.112	
			-0.003132	3.6					-0.003132	-0.12	
			-0.003128	3.8					-0.003128	-0.112	
			-0.003124	3.8					-0.003124	-0.104	
			-0.00312	3.8					-0.00312	-0.104	
			-0.003116	3.8					-0.003116	-0.112	
			-0.003112	3.8					-0.003112	-0.112	
			-0.003108	3.8					-0.003108	-0.096	
			-0.003104	4					-0.003104	-0.096	
			-0.0031	4					-0.0031	-0.096	
			-0.003096	4					-0.003096	-0.096	
			-0.003092	4					-0.003092	-0.088	
			-0.003088	4					-0.003088	-0.088	
			-0.003084	4.2					-0.003084	-0.096	
			-0.00308	4.2					-0.00308	-0.08	
			-0.003076	4.2					-0.003076	-0.08	
			-0.003072	4.2					-0.003072	-0.08	
			-0.003068	4.2					-0.003068	-0.088	
			-0.003064	4.4					-0.003064	-0.08	
			-0.00306	4.4					-0.00306	-0.08	
			-0.003056	4.4					-0.003056	-0.072	
			-0.003052	4.4					-0.003052	-0.072	
			-0.003048	4.4					-0.003048	-0.072	
			-0.003044	4.4					-0.003044	-0.072	
			-0.00304	4.6					-0.00304	-0.072	
			-0.003036	4.6					-0.003036	-0.064	
			-0.003032	4.6					-0.003032	-0.064	
			-0.003028	4.6					-0.003028	-0.056	
			-0.003024	4.6					-0.003024	-0.056	
			-0.00302	4.6					-0.00302	-0.056	
			-0.003016	4.8					-0.003016	-0.056	
			-0.003012	4.6					-0.003012	-0.056	
			-0.003008	4.6					-0.003008	-0.056	
			-0.003004	4.8					-0.003004	-0.048	
			-0.003	4.8					-0.003	-0.048	
			-0.002996	4.8					-0.002996	-0.048	
			-0.002992	4.8					-0.002992	-0.04	
			-0.002988	4.8					-0.002988	-0.048	
			-0.002984	4.8					-0.002984	-0.04	
			-0.00298	5					-0.00298	-0.04	
			-0.002976	5					-0.002976	-0.032	
			-0.002972	5					-0.002972	-0.032	
			-0.002968	5					-0.002968	-0.032	
			-0.002964	5					-0.002964	-0.032	
			-0.00296	5					-0.00296	-0.032	
			-0.002956	5					-0.002956	-0.024	
			-0.002952	5					-0.002952	-0.024	
			-0.002948	5.2					-0.002948	-0.024	
			-0.002944	5.2					-0.002944	-0.016	
			-0.00294	5.2					-0.00294	-0.016	
			-0.002936	5.2					-0.002936	-0.016	
			-0.002932	5.2					-0.002932	-0.008	
			-0.002928	5.2					-0.002928	-0.008	
			-0.002924	5.2					-0.002924	-0.016	
			-0.00292	5.4					-0.00292	0	
			-0.002916	5.4					-0.002916	0	
			-0.002912	5.4					-0.002912	0	
			-0.002908	5.4					-0.002908	0	
			-0.002904	5.4					-0.002904	0.008	
			-0.0029	5.4					-0.0029	0	
			-0.002896	5.4					-0.002896	0.008	
			-0.002892	5.4					-0.002892	0.008	
			-0.002888	5.6					-0.002888	0.008	
			-0.002884	5.6					-0.002884	0.016	
			-0.00288	5.6					-0.00288	0.016	
			-0.002876	5.6					-0.002876	0.016	
			-0.002872	5.6					-0.002872	0.024	
			-0.002868	5.6					-0.002868	0.016	
			-0.002864	5.6					-0.002864	0.024	
			-0.00286	5.8					-0.00286	0.024	
			-0.002856	5.6					-0.002856	0.016	
			-0.002852	5.6					-0.002852	0.024	
			-0.002848	5.8					-0.002848	0.024	
			-0.002844	5.8					-0.002844	0.032	
			-0.00284	5.8					-0.00284	0.04	
			-0.002836	5.8					-0.002836	0.04	
			-0.002832	5.8					-0.002832	0.04	
			-0.002828	5.8					-0.002828	0.04	
			-0.002824	5.8					-0.002824	0.04	
			-0.00282	6					-0.00282	0.04	
			-0.002816	5.8					-0.002816	0.048	
			-0.002812	6					-0.002812	0.04	
			-0.002808	5.8					-0.002808	0.048	
			-0.002804	5.8					-0.002804	0.056	
			-0.0028	6					-0.0028	0.056	
			-0.002796	6					-0.002796	0.048	
			-0.002792	6					-0.002792	0.056	
			-0.002788	6					-0.002788	0.064	
			-0.002784	6					-0.002784	0.064	
			-0.00278	6					-0.00278	0.064	
			-0.002776	6					-0.002776	0.072	
			-0.002772	6					-0.002772	0.072	
			-0.002768	6.2					-0.002768	0.072	
			-0.002764	6					-0.002764	0.08	
			-0.00276	6.2					-0.00276	0.072	
			-0.002756	6.2					-0.002756	0.072	
			-0.002752	6.2					-0.002752	0.08	
			-0.002748	6.2					-0.002748	0.08	
			-0.002744	6.2					-0.002744	0.088	
			-0.00274	6.2					-0.00274	0.088	
			-0.002736	6.2					-0.002736	0.088	
			-0.002732	6.2					-0.002732	0.096	
			-0.002728	6.2					-0.002728	0.088	
			-0.002724	6.2					-0.002724	0.096	
			-0.00272	6.2					-0.00272	0.096	
			-0.002716	6.2					-0.002716	0.096	
			-0.002712	6.2					-0.002712	0.096	
			-0.002708	6.2					-0.002708	0.104	
			-0.002704	6.2					-0.002704	0.096	
			-0.0027	6.2					-0.0027	0.104	
			-0.002696	6.2					-0.002696	0.104	
			-0.002692	6.2					-0.002692	0.104	
			-0.002688	6.2					-0.002688	0.112	
			-0.002684	6.2					-0.002684	0.112	
			-0.00268	6.2					-0.00268	0.112	
			-0.002676	6.2					-0.002676	0.112	
			-0.002672	6.2					-0.002672	0.112	
			-0.002668	6.2					-0.002668	0.12	
			-0.002664	6.2					-0.002664	0.12	
			-0.00266	6.2					-0.00266	0.128	
			-0.002656	6.2					-0.002656	0.12	
			-0.002652	6.2					-0.002652	0.128	
			-0.002648	6.4					-0.002648	0.128	
			-0.002644	6.2					-0.002644	0.136	
			-0.00264	6.4					-0.00264	0.128	
			-0.002636	6.4					-0.002636	0.136	
			-0.002632	6.2					-0.002632	0.136	
			-0.002628	6.4					-0.002628	0.136	
			-0.002624	6.4					-0.002624	0.144	
			-0.00262	6.2					-0.00262	0.144	
			-0.002616	6.4					-0.002616	0.144	
			-0.002612	6.4					-0.002612	0.152	
			-0.002608	6.4					-0.002608	0.152	
			-0.002604	6.4					-0.002604	0.152	
			-0.0026	6.4					-0.0026	0.152	
			-0.002596	6.4					-0.002596	0.152	
			-0.002592	6.2					-0.002592	0.152	
			-0.002588	6.4					-0.002588	0.152	
			-0.002584	6.2					-0.002584	0.16	
			-0.00258	6.4					-0.00258	0.16	
			-0.002576	6.2					-0.002576	0.16	
			-0.002572	6.2					-0.002572	0.168	
			-0.002568	6.4					-0.002568	0.16	
			-0.002564	6.4					-0.002564	0.168	
			-0.00256	6.4					-0.00256	0.168	
			-0.002556	6.4					-0.002556	0.168	
			-0.002552	6.4					-0.002552	0.168	
			-0.002548	6.2					-0.002548	0.176	
			-0.002544	6.4					-0.002544	0.184	
			-0.00254	6.2					-0.00254	0.176	
			-0.002536	6.4					-0.002536	0.176	
			-0.002532	6.2					-0.002532	0.176	
			-0.002528	6.2					-0.002528	0.176	
			-0.002524	6.2					-0.002524	0.176	
			-0.00252	6.2					-0.00252	0.184	
			-0.002516	6.2					-0.002516	0.184	
			-0.002512	6.2					-0.002512	0.184	
			-0.002508	6.2					-0.002508	0.192	
			-0.002504	6.2					-0.002504	0.192	
			-0.0025	6.2					-0.0025	0.184	
			-0.002496	6.2					-0.002496	0.192	
			-0.002492	6.2					-0.002492	0.2	
			-0.002488	6.2					-0.002488	0.2	
			-0.002484	6.2					-0.002484	0.2	
			-0.00248	6.2					-0.00248	0.192	
			-0.002476	6.2					-0.002476	0.2	
			-0.002472	6.2					-0.002472	0.2	
			-0.002468	6.2					-0.002468	0.2	
			-0.002464	6.2					-0.002464	0.208	
			-0.00246	6					-0.00246	0.208	
			-0.002456	6					-0.002456	0.208	
			-0.002452	6.2					-0.002452	0.208	
			-0.002448	6					-0.002448	0.208	
			-0.002444	6					-0.002444	0.208	
			-0.00244	6					-0.00244	0.208	
			-0.002436	6					-0.002436	0.216	
			-0.002432	6					-0.002432	0.216	
			-0.002428	6					-0.002428	0.216	
			-0.002424	6					-0.002424	0.216	
			-0.00242	6					-0.00242	0.216	
			-0.002416	6					-0.002416	0.216	
			-0.002412	6					-0.002412	0.224	
			-0.002408	6					-0.002408	0.224	
			-0.002404	6					-0.002404	0.224	
			-0.0024	5.8					-0.0024	0.224	
			-0.002396	5.8					-0.002396	0.224	
			-0.002392	5.8					-0.002392	0.232	
			-0.002388	5.8					-0.002388	0.232	
			-0.002384	5.8					-0.002384	0.232	
			-0.00238	5.8					-0.00238	0.232	
			-0.002376	5.8					-0.002376	0.232	
			-0.002372	5.8					-0.002372	0.224	
			-0.002368	5.8					-0.002368	0.232	
			-0.002364	5.6					-0.002364	0.24	
			-0.00236	5.8					-0.00236	0.24	
			-0.002356	5.6					-0.002356	0.24	
			-0.002352	5.6					-0.002352	0.24	
			-0.002348	5.6					-0.002348	0.24	
			-0.002344	5.6					-0.002344	0.24	
			-0.00234	5.6					-0.00234	0.24	
			-0.002336	5.6					-0.002336	0.24	
			-0.002332	5.6					-0.002332	0.24	
			-0.002328	5.6					-0.002328	0.248	
			-0.002324	5.6					-0.002324	0.248	
			-0.00232	5.4					-0.00232	0.248	
			-0.002316	5.4					-0.002316	0.24	
			-0.002312	5.4					-0.002312	0.248	
			-0.002308	5.4					-0.002308	0.248	
			-0.002304	5.4					-0.002304	0.248	
			-0.0023	5.4					-0.0023	0.248	
			-0.002296	5.4					-0.002296	0.248	
			-0.002292	5.4					-0.002292	0.248	
			-0.002288	5.4					-0.002288	0.256	
			-0.002284	5.2					-0.002284	0.256	
			-0.00228	5.2					-0.00228	0.256	
			-0.002276	5.2					-0.002276	0.256	
			-0.002272	5.2					-0.002272	0.256	
			-0.002268	5.2					-0.002268	0.256	
			-0.002264	5					-0.002264	0.256	
			-0.00226	5.2					-0.00226	0.256	
			-0.002256	5					-0.002256	0.256	
			-0.002252	5					-0.002252	0.256	
			-0.002248	5					-0.002248	0.264	
			-0.002244	5					-0.002244	0.264	
			-0.00224	5					-0.00224	0.264	
			-0.002236	5					-0.002236	0.264	
			-0.002232	5					-0.002232	0.256	
			-0.002228	4.8					-0.002228	0.264	
			-0.002224	4.8					-0.002224	0.264	
			-0.00222	4.8					-0.00222	0.264	
			-0.002216	4.8					-0.002216	0.272	
			-0.002212	4.8					-0.002212	0.264	
			-0.002208	4.8					-0.002208	0.272	
			-0.002204	4.8					-0.002204	0.264	
			-0.0022	4.8					-0.0022	0.264	
			-0.002196	4.6					-0.002196	0.264	
			-0.002192	4.6					-0.002192	0.272	
			-0.002188	4.6					-0.002188	0.272	
			-0.002184	4.6					-0.002184	0.264	
			-0.00218	4.6					-0.00218	0.272	
			-0.002176	4.6					-0.002176	0.264	
			-0.002172	4.4					-0.002172	0.272	
			-0.002168	4.4					-0.002168	0.272	
			-0.002164	4.4					-0.002164	0.272	
			-0.00216	4.4					-0.00216	0.272	
			-0.002156	4.4					-0.002156	0.272	
			-0.002152	4.2					-0.002152	0.272	
			-0.002148	4.2					-0.002148	0.28	
			-0.002144	4.2					-0.002144	0.28	
			-0.00214	4.2					-0.00214	0.28	
			-0.002136	4.2					-0.002136	0.272	
			-0.002132	4.2					-0.002132	0.28	
			-0.002128	4					-0.002128	0.28	
			-0.002124	4					-0.002124	0.272	
			-0.00212	4					-0.00212	0.272	
			-0.002116	4					-0.002116	0.272	
			-0.002112	4					-0.002112	0.28	
			-0.002108	3.8					-0.002108	0.28	
			-0.002104	3.8					-0.002104	0.272	
			-0.0021	3.8					-0.0021	0.272	
			-0.002096	3.8					-0.002096	0.272	
			-0.002092	3.8					-0.002092	0.272	
			-0.002088	3.6					-0.002088	0.28	
			-0.002084	3.6					-0.002084	0.272	
			-0.00208	3.6					-0.00208	0.272	
			-0.002076	3.6					-0.002076	0.28	
			-0.002072	3.6					-0.002072	0.28	
			-0.002068	3.6					-0.002068	0.28	
			-0.002064	3.4					-0.002064	0.28	
			-0.00206	3.4					-0.00206	0.28	
			-0.002056	3.4					-0.002056	0.28	
			-0.002052	3.4					-0.002052	0.28	
			-0.002048	3.4					-0.002048	0.272	
			-0.002044	3.2					-0.002044	0.28	
			-0.00204	3.2					-0.00204	0.28	
			-0.002036	3.2					-0.002036	0.272	
			-0.002032	3.2					-0.002032	0.272	
			-0.002028	3					-0.002028	0.28	
			-0.002024	3.2					-0.002024	0.272	
			-0.00202	3					-0.00202	0.272	
			-0.002016	3					-0.002016	0.272	
			-0.002012	3					-0.002012	0.272	
			-0.002008	3					-0.002008	0.272	
			-0.002004	2.8					-0.002004	0.272	
			-0.002	2.8					-0.002	0.272	
			-0.001996	2.8					-0.001996	0.272	
			-0.001992	2.8					-0.001992	0.272	
			-0.001988	2.8					-0.001988	0.28	
			-0.001984	2.6					-0.001984	0.272	
			-0.00198	2.6					-0.00198	0.28	
			-0.001976	2.6					-0.001976	0.272	
			-0.001972	2.6					-0.001972	0.272	
			-0.001968	2.6					-0.001968	0.272	
			-0.001964	2.4					-0.001964	0.272	
			-0.00196	2.4					-0.00196	0.272	
			-0.001956	2.4					-0.001956	0.272	
			-0.001952	2.4					-0.001952	0.272	
			-0.001948	2.4					-0.001948	0.272	
			-0.001944	2.2					-0.001944	0.272	
			-0.00194	2.2					-0.00194	0.264	
			-0.001936	2.2					-0.001936	0.264	
			-0.001932	2					-0.001932	0.264	
			-0.001928	2.2					-0.001928	0.272	
			-0.001924	2					-0.001924	0.264	
			-0.00192	2					-0.00192	0.264	
			-0.001916	2					-0.001916	0.264	
			-0.001912	2					-0.001912	0.272	
			-0.001908	2					-0.001908	0.264	
			-0.001904	1.8					-0.001904	0.264	
			-0.0019	1.8					-0.0019	0.264	
			-0.001896	1.8					-0.001896	0.264	
			-0.001892	1.8					-0.001892	0.264	
			-0.001888	1.6					-0.001888	0.264	
			-0.001884	1.6					-0.001884	0.264	
			-0.00188	1.6					-0.00188	0.256	
			-0.001876	1.6					-0.001876	0.256	
			-0.001872	1.6					-0.001872	0.264	
			-0.001868	1.4					-0.001868	0.264	
			-0.001864	1.4					-0.001864	0.256	
			-0.00186	1.4					-0.00186	0.256	
			-0.001856	1.4					-0.001856	0.256	
			-0.001852	1.2					-0.001852	0.248	
			-0.001848	1.2					-0.001848	0.256	
			-0.001844	1.2					-0.001844	0.248	
			-0.00184	1.2					-0.00184	0.248	
			-0.001836	1					-0.001836	0.256	
			-0.001832	1					-0.001832	0.248	
			-0.001828	1					-0.001828	0.248	
			-0.001824	1					-0.001824	0.256	
			-0.00182	0.8					-0.00182	0.248	
			-0.001816	0.8					-0.001816	0.24	
			-0.001812	0.8					-0.001812	0.248	
			-0.001808	0.8					-0.001808	0.248	
			-0.001804	0.8					-0.001804	0.24	
			-0.0018	0.6					-0.0018	0.24	
			-0.001796	0.6					-0.001796	0.248	
			-0.001792	0.6					-0.001792	0.24	
			-0.001788	0.6					-0.001788	0.24	
			-0.001784	0.4					-0.001784	0.24	
			-0.00178	0.4					-0.00178	0.24	
			-0.001776	0.4					-0.001776	0.24	
			-0.001772	0.4					-0.001772	0.232	
			-0.001768	0.4					-0.001768	0.232	
			-0.001764	0.2					-0.001764	0.232	
			-0.00176	0.2					-0.00176	0.232	
			-0.001756	0.2					-0.001756	0.224	
			-0.001752	0					-0.001752	0.224	
			-0.001748	0					-0.001748	0.232	
			-0.001744	0					-0.001744	0.232	
			-0.00174	0					-0.00174	0.224	
			-0.001736	0					-0.001736	0.224	
			-0.001732	-0.2					-0.001732	0.224	
			-0.001728	-0.2					-0.001728	0.224	
			-0.001724	-0.2					-0.001724	0.224	
			-0.00172	-0.2					-0.00172	0.216	
			-0.001716	-0.4					-0.001716	0.216	
			-0.001712	-0.4					-0.001712	0.216	
			-0.001708	-0.4					-0.001708	0.216	
			-0.001704	-0.4					-0.001704	0.216	
			-0.0017	-0.4					-0.0017	0.208	
			-0.001696	-0.6					-0.001696	0.216	
			-0.001692	-0.6					-0.001692	0.208	
			-0.001688	-0.6					-0.001688	0.208	
			-0.001684	-0.6					-0.001684	0.216	
			-0.00168	-0.8					-0.00168	0.208	
			-0.001676	-0.8					-0.001676	0.208	
			-0.001672	-1					-0.001672	0.208	
			-0.001668	-1					-0.001668	0.2	
			-0.001664	-1					-0.001664	0.2	
			-0.00166	-1					-0.00166	0.2	
			-0.001656	-1					-0.001656	0.2	
			-0.001652	-1					-0.001652	0.2	
			-0.001648	-1.2					-0.001648	0.192	
			-0.001644	-1.2					-0.001644	0.192	
			-0.00164	-1.2					-0.00164	0.192	
			-0.001636	-1.2					-0.001636	0.192	
			-0.001632	-1.2					-0.001632	0.192	
			-0.001628	-1.2					-0.001628	0.184	
			-0.001624	-1.4					-0.001624	0.184	
			-0.00162	-1.4					-0.00162	0.184	
			-0.001616	-1.4					-0.001616	0.184	
			-0.001612	-1.4					-0.001612	0.176	
			-0.001608	-1.4					-0.001608	0.176	
			-0.001604	-1.6					-0.001604	0.176	
			-0.0016	-1.6					-0.0016	0.176	
			-0.001596	-1.6					-0.001596	0.184	
			-0.001592	-1.8					-0.001592	0.176	
			-0.001588	-1.6					-0.001588	0.176	
			-0.001584	-1.8					-0.001584	0.176	
			-0.00158	-1.8					-0.00158	0.168	
			-0.001576	-1.8					-0.001576	0.168	
			-0.001572	-1.8					-0.001572	0.168	
			-0.001568	-2					-0.001568	0.168	
			-0.001564	-2					-0.001564	0.16	
			-0.00156	-2					-0.00156	0.168	
			-0.001556	-2					-0.001556	0.16	
			-0.001552	-2					-0.001552	0.16	
			-0.001548	-2.2					-0.001548	0.16	
			-0.001544	-2.2					-0.001544	0.16	
			-0.00154	-2.2					-0.00154	0.152	
			-0.001536	-2.2					-0.001536	0.144	
			-0.001532	-2.4					-0.001532	0.144	
			-0.001528	-2.4					-0.001528	0.144	
			-0.001524	-2.4					-0.001524	0.144	
			-0.00152	-2.4					-0.00152	0.144	
			-0.001516	-2.4					-0.001516	0.144	
			-0.001512	-2.4					-0.001512	0.136	
			-0.001508	-2.6					-0.001508	0.136	
			-0.001504	-2.6					-0.001504	0.128	
			-0.0015	-2.6					-0.0015	0.136	
			-0.001496	-2.6					-0.001496	0.128	
			-0.001492	-2.6					-0.001492	0.128	
			-0.001488	-2.8					-0.001488	0.128	
			-0.001484	-2.8					-0.001484	0.128	
			-0.00148	-2.8					-0.00148	0.128	
			-0.001476	-2.8					-0.001476	0.12	
			-0.001472	-3					-0.001472	0.12	
			-0.001468	-3					-0.001468	0.12	
			-0.001464	-3					-0.001464	0.112	
			-0.00146	-3					-0.00146	0.12	
			-0.001456	-3					-0.001456	0.12	
			-0.001452	-3					-0.001452	0.112	
			-0.001448	-3.2					-0.001448	0.104	
			-0.001444	-3.2					-0.001444	0.104	
			-0.00144	-3.2					-0.00144	0.112	
			-0.001436	-3.2					-0.001436	0.104	
			-0.001432	-3.2					-0.001432	0.104	
			-0.001428	-3.2					-0.001428	0.104	
			-0.001424	-3.2					-0.001424	0.096	
			-0.00142	-3.4					-0.00142	0.104	
			-0.001416	-3.4					-0.001416	0.096	
			-0.001412	-3.4					-0.001412	0.096	
			-0.001408	-3.6					-0.001408	0.096	
			-0.001404	-3.6					-0.001404	0.088	
			-0.0014	-3.6					-0.0014	0.088	
			-0.001396	-3.6					-0.001396	0.08	
			-0.001392	-3.6					-0.001392	0.08	
			-0.001388	-3.6					-0.001388	0.08	
			-0.001384	-3.6					-0.001384	0.088	
			-0.00138	-3.8					-0.00138	0.08	
			-0.001376	-3.8					-0.001376	0.08	
			-0.001372	-3.8					-0.001372	0.072	
			-0.001368	-3.8					-0.001368	0.072	
			-0.001364	-3.8					-0.001364	0.072	
			-0.00136	-4					-0.00136	0.072	
			-0.001356	-4					-0.001356	0.064	
			-0.001352	-4					-0.001352	0.064	
			-0.001348	-4					-0.001348	0.064	
			-0.001344	-4					-0.001344	0.064	
			-0.00134	-4					-0.00134	0.056	
			-0.001336	-4					-0.001336	0.056	
			-0.001332	-4.2					-0.001332	0.048	
			-0.001328	-4.2					-0.001328	0.048	
			-0.001324	-4.2					-0.001324	0.048	
			-0.00132	-4.2					-0.00132	0.048	
			-0.001316	-4.2					-0.001316	0.04	
			-0.001312	-4.2					-0.001312	0.048	
			-0.001308	-4.2					-0.001308	0.04	
			-0.001304	-4.2					-0.001304	0.04	
			-0.0013	-4.4					-0.0013	0.04	
			-0.001296	-4.4					-0.001296	0.032	
			-0.001292	-4.4					-0.001292	0.032	
			-0.001288	-4.4					-0.001288	0.032	
			-0.001284	-4.4					-0.001284	0.024	
			-0.00128	-4.4					-0.00128	0.024	
			-0.001276	-4.6					-0.001276	0.024	
			-0.001272	-4.6					-0.001272	0.016	
			-0.001268	-4.6					-0.001268	0.024	
			-0.001264	-4.6					-0.001264	0.016	
			-0.00126	-4.8					-0.00126	0.016	
			-0.001256	-4.6					-0.001256	0.024	
			-0.001252	-4.8					-0.001252	0.016	
			-0.001248	-4.8					-0.001248	0.008	
			-0.001244	-4.8					-0.001244	0.008	
			-0.00124	-4.8					-0.00124	0.008	
			-0.001236	-4.8					-0.001236	0.008	
			-0.001232	-4.8					-0.001232	0	
			-0.001228	-4.8					-0.001228	0	
			-0.001224	-5					-0.001224	0	
			-0.00122	-4.8					-0.00122	0	
			-0.001216	-4.8					-0.001216	-0.008	
			-0.001212	-5					-0.001212	-0.008	
			-0.001208	-5					-0.001208	-0.016	
			-0.001204	-5					-0.001204	-0.008	
			-0.0012	-5					-0.0012	-0.008	
			-0.001196	-5					-0.001196	-0.016	
			-0.001192	-5					-0.001192	-0.024	
			-0.001188	-5					-0.001188	-0.016	
			-0.001184	-5					-0.001184	-0.024	
			-0.00118	-5					-0.00118	-0.032	
			-0.001176	-5					-0.001176	-0.032	
			-0.001172	-5					-0.001172	-0.032	
			-0.001168	-5.2					-0.001168	-0.032	
			-0.001164	-5.2					-0.001164	-0.032	
			-0.00116	-5					-0.00116	-0.032	
			-0.001156	-5.2					-0.001156	-0.04	
			-0.001152	-5					-0.001152	-0.04	
			-0.001148	-5.2					-0.001148	-0.04	
			-0.001144	-5.2					-0.001144	-0.04	
			-0.00114	-5.2					-0.00114	-0.048	
			-0.001136	-5.2					-0.001136	-0.048	
			-0.001132	-5.2					-0.001132	-0.048	
			-0.001128	-5.2					-0.001128	-0.048	
			-0.001124	-5.2					-0.001124	-0.048	
			-0.00112	-5.2					-0.00112	-0.064	
			-0.001116	-5.4					-0.001116	-0.064	
			-0.001112	-5.4					-0.001112	-0.064	
			-0.001108	-5.4					-0.001108	-0.056	
			-0.001104	-5.4					-0.001104	-0.064	
			-0.0011	-5.4					-0.0011	-0.064	
			-0.001096	-5.4					-0.001096	-0.072	
			-0.001092	-5.4					-0.001092	-0.072	
			-0.001088	-5.4					-0.001088	-0.072	
			-0.001084	-5.4					-0.001084	-0.072	
			-0.00108	-5.4					-0.00108	-0.08	
			-0.001076	-5.4					-0.001076	-0.08	
			-0.001072	-5.4					-0.001072	-0.08	
			-0.001068	-5.4					-0.001068	-0.072	
			-0.001064	-5.4					-0.001064	-0.088	
			-0.00106	-5.4					-0.00106	-0.088	
			-0.001056	-5.6					-0.001056	-0.088	
			-0.001052	-5.4					-0.001052	-0.088	
			-0.001048	-5.6					-0.001048	-0.088	
			-0.001044	-5.6					-0.001044	-0.096	
			-0.00104	-5.6					-0.00104	-0.096	
			-0.001036	-5.6					-0.001036	-0.104	
			-0.001032	-5.4					-0.001032	-0.104	
			-0.001028	-5.6					-0.001028	-0.104	
			-0.001024	-5.6					-0.001024	-0.104	
			-0.00102	-5.6					-0.00102	-0.104	
			-0.001016	-5.6					-0.001016	-0.104	
			-0.001012	-5.6					-0.001012	-0.112	
			-0.001008	-5.6					-0.001008	-0.112	
			-0.001004	-5.6					-0.001004	-0.112	
			-0.001	-5.6					-0.001	-0.112	
			-0.000996	-5.6					-0.000996	-0.112	
			-0.000992	-5.6					-0.000992	-0.12	
			-0.000988	-5.6					-0.000988	-0.12	
			-0.000984	-5.6					-0.000984	-0.12	
			-0.00098	-5.6					-0.00098	-0.12	
			-0.000976	-5.6					-0.000976	-0.128	
			-0.000972	-5.6					-0.000972	-0.136	
			-0.000968	-5.6					-0.000968	-0.128	
			-0.000964	-5.6					-0.000964	-0.136	
			-0.00096	-5.6					-0.00096	-0.144	
			-0.000956	-5.6					-0.000956	-0.136	
			-0.000952	-5.8					-0.000952	-0.136	
			-0.000948	-5.6					-0.000948	-0.144	
			-0.000944	-5.6					-0.000944	-0.144	
			-0.00094	-5.8					-0.00094	-0.144	
			-0.000936	-5.6					-0.000936	-0.136	
			-0.000932	-5.6					-0.000932	-0.144	
			-0.000928	-5.6					-0.000928	-0.144	
			-0.000924	-5.6					-0.000924	-0.152	
			-0.00092	-5.8					-0.00092	-0.152	
			-0.000916	-5.6					-0.000916	-0.144	
			-0.000912	-5.6					-0.000912	-0.152	
			-0.000908	-5.6					-0.000908	-0.16	
			-0.000904	-5.6					-0.000904	-0.16	
			-0.0009	-5.6					-0.0009	-0.16	
			-0.000896	-5.6					-0.000896	-0.16	
			-0.000892	-5.6					-0.000892	-0.16	
			-0.000888	-5.6					-0.000888	-0.16	
			-0.000884	-5.6					-0.000884	-0.168	
			-0.00088	-5.6					-0.00088	-0.176	
			-0.000876	-5.6					-0.000876	-0.176	
			-0.000872	-5.6					-0.000872	-0.176	
			-0.000868	-5.6					-0.000868	-0.176	
			-0.000864	-5.6					-0.000864	-0.176	
			-0.00086	-5.6					-0.00086	-0.176	
			-0.000856	-5.6					-0.000856	-0.176	
			-0.000852	-5.6					-0.000852	-0.184	
			-0.000848	-5.6					-0.000848	-0.184	
			-0.000844	-5.6					-0.000844	-0.184	
			-0.00084	-5.6					-0.00084	-0.184	
			-0.000836	-5.6					-0.000836	-0.184	
			-0.000832	-5.6					-0.000832	-0.184	
			-0.000828	-5.6					-0.000828	-0.192	
			-0.000824	-5.6					-0.000824	-0.184	
			-0.00082	-5.4					-0.00082	-0.192	
			-0.000816	-5.4					-0.000816	-0.192	
			-0.000812	-5.4					-0.000812	-0.2	
			-0.000808	-5.4					-0.000808	-0.192	
			-0.000804	-5.4					-0.000804	-0.2	
			-0.0008	-5.4					-0.0008	-0.208	
			-0.000796	-5.4					-0.000796	-0.2	
			-0.000792	-5.4					-0.000792	-0.208	
			-0.000788	-5.4					-0.000788	-0.2	
			-0.000784	-5.4					-0.000784	-0.208	
			-0.00078	-5.4					-0.00078	-0.208	
			-0.000776	-5.4					-0.000776	-0.208	
			-0.000772	-5.4					-0.000772	-0.208	
			-0.000768	-5.4					-0.000768	-0.208	
			-0.000764	-5.4					-0.000764	-0.208	
			-0.00076	-5.2					-0.00076	-0.216	
			-0.000756	-5.2					-0.000756	-0.216	
			-0.000752	-5.2					-0.000752	-0.216	
			-0.000748	-5.2					-0.000748	-0.216	
			-0.000744	-5.2					-0.000744	-0.216	
			-0.00074	-5.2					-0.00074	-0.216	
			-0.000736	-5.2					-0.000736	-0.216	
			-0.000732	-5.2					-0.000732	-0.224	
			-0.000728	-5.2					-0.000728	-0.232	
			-0.000724	-5.2					-0.000724	-0.224	
			-0.00072	-5.2					-0.00072	-0.224	
			-0.000716	-5					-0.000716	-0.224	
			-0.000712	-5					-0.000712	-0.224	
			-0.000708	-5					-0.000708	-0.232	
			-0.000704	-5					-0.000704	-0.232	
			-0.0007	-5					-0.0007	-0.232	
			-0.000696	-5					-0.000696	-0.232	
			-0.000692	-5					-0.000692	-0.232	
			-0.000688	-5					-0.000688	-0.232	
			-0.000684	-5					-0.000684	-0.232	
			-0.00068	-5					-0.00068	-0.232	
			-0.000676	-5					-0.000676	-0.24	
			-0.000672	-5					-0.000672	-0.24	
			-0.000668	-4.8					-0.000668	-0.24	
			-0.000664	-5					-0.000664	-0.24	
			-0.00066	-4.8					-0.00066	-0.24	
			-0.000656	-4.8					-0.000656	-0.24	
			-0.000652	-4.8					-0.000652	-0.248	
			-0.000648	-4.8					-0.000648	-0.24	
			-0.000644	-4.8					-0.000644	-0.24	
			-0.00064	-4.8					-0.00064	-0.248	
			-0.000636	-4.8					-0.000636	-0.24	
			-0.000632	-4.6					-0.000632	-0.24	
			-0.000628	-4.8					-0.000628	-0.248	
			-0.000624	-4.6					-0.000624	-0.248	
			-0.00062	-4.6					-0.00062	-0.248	
			-0.000616	-4.6					-0.000616	-0.256	
			-0.000612	-4.6					-0.000612	-0.248	
			-0.000608	-4.6					-0.000608	-0.248	
			-0.000604	-4.4					-0.000604	-0.248	
			-0.0006	-4.4					-0.0006	-0.256	
			-0.000596	-4.4					-0.000596	-0.248	
			-0.000592	-4.4					-0.000592	-0.256	
			-0.000588	-4.4					-0.000588	-0.248	
			-0.000584	-4.4					-0.000584	-0.256	
			-0.00058	-4.4					-0.00058	-0.256	
			-0.000576	-4.2					-0.000576	-0.264	
			-0.000572	-4.2					-0.000572	-0.256	
			-0.000568	-4.2					-0.000568	-0.256	
			-0.000564	-4.2					-0.000564	-0.264	
			-0.00056	-4.2					-0.00056	-0.264	
			-0.000556	-4.2					-0.000556	-0.264	
			-0.000552	-4.2					-0.000552	-0.264	
			-0.000548	-4.2					-0.000548	-0.256	
			-0.000544	-4.2					-0.000544	-0.264	
			-0.00054	-4					-0.00054	-0.264	
			-0.000536	-4					-0.000536	-0.264	
			-0.000532	-4					-0.000532	-0.256	
			-0.000528	-4					-0.000528	-0.264	
			-0.000524	-3.8					-0.000524	-0.256	
			-0.00052	-3.8					-0.00052	-0.264	
			-0.000516	-3.8					-0.000516	-0.272	
			-0.000512	-3.8					-0.000512	-0.272	
			-0.000508	-3.8					-0.000508	-0.272	
			-0.000504	-3.8					-0.000504	-0.272	
			-0.0005	-3.8					-0.0005	-0.264	
			-0.000496	-3.6					-0.000496	-0.264	
			-0.000492	-3.6					-0.000492	-0.264	
			-0.000488	-3.6					-0.000488	-0.272	
			-0.000484	-3.6					-0.000484	-0.272	
			-0.00048	-3.6					-0.00048	-0.272	
			-0.000476	-3.4					-0.000476	-0.272	
			-0.000472	-3.6					-0.000472	-0.272	
			-0.000468	-3.4					-0.000468	-0.272	
			-0.000464	-3.4					-0.000464	-0.272	
			-0.00046	-3.4					-0.00046	-0.272	
			-0.000456	-3.4					-0.000456	-0.272	
			-0.000452	-3.2					-0.000452	-0.272	
			-0.000448	-3.2					-0.000448	-0.272	
			-0.000444	-3.2					-0.000444	-0.272	
			-0.00044	-3.2					-0.00044	-0.28	
			-0.000436	-3.2					-0.000436	-0.272	
			-0.000432	-3.2					-0.000432	-0.272	
			-0.000428	-3					-0.000428	-0.272	
			-0.000424	-3					-0.000424	-0.264	
			-0.00042	-3					-0.00042	-0.272	
			-0.000416	-3					-0.000416	-0.272	
			-0.000412	-3					-0.000412	-0.272	
			-0.000408	-2.8					-0.000408	-0.272	
			-0.000404	-2.8					-0.000404	-0.272	
			-0.0004	-2.8					-0.0004	-0.272	
			-0.000396	-2.6					-0.000396	-0.272	
			-0.000392	-2.8					-0.000392	-0.264	
			-0.000388	-2.6					-0.000388	-0.272	
			-0.000384	-2.6					-0.000384	-0.272	
			-0.00038	-2.6					-0.00038	-0.272	
			-0.000376	-2.4					-0.000376	-0.272	
			-0.000372	-2.6					-0.000372	-0.264	
			-0.000368	-2.4					-0.000368	-0.272	
			-0.000364	-2.4					-0.000364	-0.264	
			-0.00036	-2.4					-0.00036	-0.264	
			-0.000356	-2.4					-0.000356	-0.272	
			-0.000352	-2.4					-0.000352	-0.272	
			-0.000348	-2.2					-0.000348	-0.272	
			-0.000344	-2.2					-0.000344	-0.272	
			-0.00034	-2.2					-0.00034	-0.272	
			-0.000336	-2.2					-0.000336	-0.272	
			-0.000332	-2					-0.000332	-0.272	
			-0.000328	-2					-0.000328	-0.264	
			-0.000324	-2					-0.000324	-0.272	
			-0.00032	-2					-0.00032	-0.272	
			-0.000316	-2					-0.000316	-0.272	
			-0.000312	-1.8					-0.000312	-0.264	
			-0.000308	-1.8					-0.000308	-0.272	
			-0.000304	-1.8					-0.000304	-0.264	
			-0.0003	-1.8					-0.0003	-0.264	
			-0.000296	-1.6					-0.000296	-0.272	
			-0.000292	-1.6					-0.000292	-0.264	
			-0.000288	-1.6					-0.000288	-0.264	
			-0.000284	-1.6					-0.000284	-0.264	
			-0.00028	-1.4					-0.00028	-0.264	
			-0.000276	-1.4					-0.000276	-0.264	
			-0.000272	-1.4					-0.000272	-0.264	
			-0.000268	-1.4					-0.000268	-0.264	
			-0.000264	-1.4					-0.000264	-0.256	
			-0.00026	-1.4					-0.00026	-0.256	
			-0.000256	-1.2					-0.000256	-0.264	
			-0.000252	-1.2					-0.000252	-0.264	
			-0.000248	-1.2					-0.000248	-0.256	
			-0.000244	-1.2					-0.000244	-0.256	
			-0.00024	-1.2					-0.00024	-0.256	
			-0.000236	-1.2					-0.000236	-0.256	
			-0.000232	-1					-0.000232	-0.256	
			-0.000228	-1					-0.000228	-0.256	
			-0.000224	-1					-0.000224	-0.256	
			-0.00022	-1					-0.00022	-0.256	
			-0.000216	-0.8					-0.000216	-0.256	
			-0.000212	-0.8					-0.000212	-0.248	
			-0.000208	-0.8					-0.000208	-0.248	
			-0.000204	-0.8					-0.000204	-0.256	
			-0.0002	-0.8					-0.0002	-0.256	
			-0.000196	-0.6					-0.000196	-0.248	
			-0.000192	-0.6					-0.000192	-0.248	
			-0.000188	-0.6					-0.000188	-0.248	
			-0.000184	-0.4					-0.000184	-0.24	
			-0.00018	-0.6					-0.00018	-0.248	
			-0.000176	-0.4					-0.000176	-0.248	
			-0.000172	-0.4					-0.000172	-0.248	
			-0.000168	-0.4					-0.000168	-0.248	
			-0.000164	-0.4					-0.000164	-0.24	
			-0.00016	-0.2					-0.00016	-0.24	
			-0.000156	-0.2					-0.000156	-0.248	
			-0.000152	-0.2					-0.000152	-0.232	
			-0.000148	-0.2					-0.000148	-0.24	
			-0.000144	0					-0.000144	-0.248	
			-0.00014	0					-0.00014	-0.24	
			-0.000136	0					-0.000136	-0.24	
			-0.000132	0					-0.000132	-0.232	
			-0.000128	0.2					-0.000128	-0.232	
			-0.000124	0.2					-0.000124	-0.232	
			-0.00012	0.2					-0.00012	-0.232	
			-0.000116	0.4					-0.000116	-0.232	
			-0.000112	0.4					-0.000112	-0.24	
			-0.000108	0.4					-0.000108	-0.232	
			-0.000104	0.4					-0.000104	-0.232	
			-0.0001	0.4					-0.0001	-0.232	
			-9.60003e-005	0.6					-9.60003e-005	-0.224	
			-9.20003e-005	0.6					-9.20003e-005	-0.224	
			-8.80003e-005	0.6					-8.80003e-005	-0.224	
			-8.40003e-005	0.6					-8.40003e-005	-0.224	
			-8.00003e-005	0.8					-8.00003e-005	-0.224	
			-7.60003e-005	0.8					-7.60003e-005	-0.224	
			-7.20003e-005	0.8					-7.20003e-005	-0.224	
			-6.80003e-005	0.8					-6.80003e-005	-0.224	
			-6.40003e-005	0.8					-6.40003e-005	-0.216	
			-6.00003e-005	1					-6.00003e-005	-0.224	
			-5.60003e-005	1					-5.60003e-005	-0.216	
			-5.20003e-005	1					-5.20003e-005	-0.216	
			-4.80003e-005	1					-4.80003e-005	-0.216	
			-4.40003e-005	1					-4.40003e-005	-0.208	
			-4.00003e-005	1					-4.00003e-005	-0.216	
			-3.60003e-005	1					-3.60003e-005	-0.208	
			-3.20003e-005	1.2					-3.20003e-005	-0.208	
			-2.80003e-005	1.2					-2.80003e-005	-0.216	
			-2.40003e-005	1.2					-2.40003e-005	-0.208	
			-2.00003e-005	1.4					-2.00003e-005	-0.208	
			-1.60003e-005	1.4					-1.60003e-005	-0.2	
			-1.20003e-005	1.4					-1.20003e-005	-0.2	
			-8.00034e-006	1.4					-8.00034e-006	-0.2	
			-4.00034e-006	1.6					-4.00034e-006	-0.192	
			-3.36058e-010	1.6					-3.36058e-010	-0.192	
			3.99966e-006	1.6					3.99966e-006	-0.2	
			7.99966e-006	1.6					7.99966e-006	-0.192	
			1.19997e-005	1.6					1.19997e-005	-0.192	
			1.59997e-005	1.8					1.59997e-005	-0.192	
			1.99997e-005	1.8					1.99997e-005	-0.184	
			2.39997e-005	1.8					2.39997e-005	-0.184	
			2.79997e-005	2					2.79997e-005	-0.184	
			3.19997e-005	2					3.19997e-005	-0.184	
			3.59997e-005	2					3.59997e-005	-0.184	
			3.99997e-005	2					3.99997e-005	-0.184	
			4.39997e-005	2.2					4.39997e-005	-0.184	
			4.79997e-005	2					4.79997e-005	-0.176	
			5.19997e-005	2.2					5.19997e-005	-0.176	
			5.59997e-005	2.2					5.59997e-005	-0.176	
			5.99997e-005	2.2					5.99997e-005	-0.176	
			6.39997e-005	2.2					6.39997e-005	-0.176	
			6.79997e-005	2.4					6.79997e-005	-0.168	
			7.19997e-005	2.4					7.19997e-005	-0.168	
			7.59997e-005	2.4					7.59997e-005	-0.168	
			7.99997e-005	2.4					7.99997e-005	-0.168	
			8.39997e-005	2.6					8.39997e-005	-0.168	
			8.79997e-005	2.6					8.79997e-005	-0.168	
			9.19997e-005	2.6					9.19997e-005	-0.16	
			9.59997e-005	2.6					9.59997e-005	-0.16	
			9.99997e-005	2.6					9.99997e-005	-0.16	
			0.000104	2.8					0.000104	-0.152	
			0.000108	2.8					0.000108	-0.144	
			0.000112	2.8					0.000112	-0.152	
			0.000116	2.8					0.000116	-0.152	
			0.00012	2.8					0.00012	-0.144	
			0.000124	2.8					0.000124	-0.144	
			0.000128	3					0.000128	-0.144	
			0.000132	3					0.000132	-0.144	
			0.000136	3					0.000136	-0.144	
			0.00014	3					0.00014	-0.144	
			0.000144	3					0.000144	-0.136	
			0.000148	3.2					0.000148	-0.136	
			0.000152	3.2					0.000152	-0.136	
			0.000156	3.2					0.000156	-0.136	
			0.00016	3.2					0.00016	-0.136	
			0.000164	3.4					0.000164	-0.136	
			0.000168	3.4					0.000168	-0.128	
			0.000172	3.4					0.000172	-0.128	
			0.000176	3.4					0.000176	-0.128	
			0.00018	3.4					0.00018	-0.12	
			0.000184	3.4					0.000184	-0.112	
			0.000188	3.6					0.000188	-0.12	
			0.000192	3.6					0.000192	-0.12	
			0.000196	3.6					0.000196	-0.12	
			0.0002	3.6					0.0002	-0.12	
			0.000204	3.6					0.000204	-0.112	
			0.000208	3.8					0.000208	-0.112	
			0.000212	3.8					0.000212	-0.112	
			0.000216	3.8					0.000216	-0.104	
			0.00022	3.8					0.00022	-0.104	
			0.000224	3.8					0.000224	-0.104	
			0.000228	3.8					0.000228	-0.096	
			0.000232	4					0.000232	-0.096	
			0.000236	4					0.000236	-0.096	
			0.00024	4					0.00024	-0.096	
			0.000244	4.2					0.000244	-0.096	
			0.000248	4					0.000248	-0.088	
			0.000252	4.2					0.000252	-0.088	
			0.000256	4.2					0.000256	-0.088	
			0.00026	4.2					0.00026	-0.08	
			0.000264	4.2					0.000264	-0.08	
			0.000268	4.2					0.000268	-0.08	
			0.000272	4.2					0.000272	-0.08	
			0.000276	4.4					0.000276	-0.072	
			0.00028	4.4					0.00028	-0.072	
			0.000284	4.4					0.000284	-0.072	
			0.000288	4.4					0.000288	-0.072	
			0.000292	4.4					0.000292	-0.072	
			0.000296	4.4					0.000296	-0.064	
			0.0003	4.6					0.0003	-0.064	
			0.000304	4.6					0.000304	-0.064	
			0.000308	4.6					0.000308	-0.056	
			0.000312	4.6					0.000312	-0.056	
			0.000316	4.6					0.000316	-0.056	
			0.00032	4.6					0.00032	-0.056	
			0.000324	4.8					0.000324	-0.056	
			0.000328	4.8					0.000328	-0.048	
			0.000332	4.8					0.000332	-0.048	
			0.000336	4.8					0.000336	-0.048	
			0.00034	4.8					0.00034	-0.048	
			0.000344	4.8					0.000344	-0.04	
			0.000348	5					0.000348	-0.04	
			0.000352	4.8					0.000352	-0.04	
			0.000356	4.8					0.000356	-0.04	
			0.00036	5					0.00036	-0.032	
			0.000364	5					0.000364	-0.032	
			0.000368	5					0.000368	-0.032	
			0.000372	5					0.000372	-0.024	
			0.000376	5					0.000376	-0.024	
			0.00038	5					0.00038	-0.016	
			0.000384	5.2					0.000384	-0.024	
			0.000388	5.2					0.000388	-0.016	
			0.000392	5.2					0.000392	-0.016	
			0.000396	5.2					0.000396	-0.016	
			0.0004	5.2					0.0004	-0.008	
			0.000404	5.2					0.000404	-0.008	
			0.000408	5.4					0.000408	-0.008	
			0.000412	5.4					0.000412	-0.008	
			0.000416	5.4					0.000416	0	
			0.00042	5.4					0.00042	-0.008	
			0.000424	5.4					0.000424	0	
			0.000428	5.4					0.000428	0.008	
			0.000432	5.6					0.000432	0.008	
			0.000436	5.4					0.000436	0.008	
			0.00044	5.4					0.00044	0.008	
			0.000444	5.4					0.000444	0.008	
			0.000448	5.6					0.000448	0.016	
			0.000452	5.6					0.000452	0.016	
			0.000456	5.6					0.000456	0.016	
			0.00046	5.6					0.00046	0.024	
			0.000464	5.6					0.000464	0.016	
			0.000468	5.6					0.000468	0.024	
			0.000472	5.6					0.000472	0.024	
			0.000476	5.6					0.000476	0.024	
			0.00048	5.8					0.00048	0.032	
			0.000484	5.6					0.000484	0.032	
			0.000488	5.8					0.000488	0.032	
			0.000492	5.8					0.000492	0.032	
			0.000496	5.8					0.000496	0.032	
			0.0005	5.8					0.0005	0.032	
			0.000504	5.8					0.000504	0.04	
			0.000508	5.8					0.000508	0.048	
			0.000512	5.8					0.000512	0.04	
			0.000516	5.8					0.000516	0.048	
			0.00052	5.8					0.00052	0.056	
			0.000524	6					0.000524	0.056	
			0.000528	6					0.000528	0.048	
			0.000532	6					0.000532	0.056	
			0.000536	6					0.000536	0.056	
			0.00054	6					0.00054	0.056	
			0.000544	6					0.000544	0.056	
			0.000548	6					0.000548	0.064	
			0.000552	6					0.000552	0.064	
			0.000556	6					0.000556	0.072	
			0.00056	6					0.00056	0.072	
			0.000564	6					0.000564	0.064	
			0.000568	6.2					0.000568	0.072	
			0.000572	6					0.000572	0.08	
			0.000576	6					0.000576	0.08	
			0.00058	6.2					0.00058	0.08	
			0.000584	6					0.000584	0.08	
			0.000588	6.2					0.000588	0.088	
			0.000592	6.2					0.000592	0.088	
			0.000596	6.2					0.000596	0.088	
			0.0006	6.2					0.0006	0.088	
			0.000604	6.2					0.000604	0.096	
			0.000608	6.2					0.000608	0.096	
			0.000612	6.2					0.000612	0.096	
			0.000616	6.2					0.000616	0.104	
			0.00062	6.2					0.00062	0.096	
			0.000624	6.2					0.000624	0.104	
			0.000628	6.2					0.000628	0.096	
			0.000632	6.2					0.000632	0.104	
			0.000636	6.2					0.000636	0.112	
			0.00064	6.4					0.00064	0.112	
			0.000644	6.2					0.000644	0.104	
			0.000648	6.2					0.000648	0.112	
			0.000652	6.2					0.000652	0.112	
			0.000656	6.2					0.000656	0.112	
			0.00066	6.4					0.00066	0.12	
			0.000664	6.2					0.000664	0.12	
			0.000668	6.4					0.000668	0.12	
			0.000672	6.2					0.000672	0.12	
			0.000676	6.2					0.000676	0.128	
			0.00068	6.2					0.00068	0.12	
			0.000684	6.2					0.000684	0.128	
			0.000688	6.2					0.000688	0.128	
			0.000692	6.4					0.000692	0.128	
			0.000696	6.4					0.000696	0.136	
			0.0007	6.2					0.0007	0.136	
			0.000704	6.2					0.000704	0.144	
			0.000708	6.4					0.000708	0.144	
			0.000712	6.4					0.000712	0.144	
			0.000716	6.4					0.000716	0.144	
			0.00072	6.4					0.00072	0.144	
			0.000724	6.4					0.000724	0.144	
			0.000728	6.4					0.000728	0.152	
			0.000732	6.4					0.000732	0.152	
			0.000736	6.4					0.000736	0.152	
			0.00074	6.4					0.00074	0.16	
			0.000744	6.4					0.000744	0.152	
			0.000748	6.4					0.000748	0.152	
			0.000752	6.4					0.000752	0.16	
			0.000756	6.4					0.000756	0.16	
			0.00076	6.4					0.00076	0.16	
			0.000764	6.4					0.000764	0.16	
			0.000768	6.4					0.000768	0.16	
			0.000772	6.2					0.000772	0.168	
			0.000776	6.4					0.000776	0.168	
			0.00078	6.2					0.00078	0.176	
			0.000784	6.4					0.000784	0.176	
			0.000788	6.4					0.000788	0.176	
			0.000792	6.4					0.000792	0.176	
			0.000796	6.2					0.000796	0.176	
			0.0008	6.2					0.0008	0.184	
			0.000804	6.2					0.000804	0.184	
			0.000808	6.2					0.000808	0.184	
			0.000812	6.2					0.000812	0.184	
			0.000816	6.2					0.000816	0.184	
			0.00082	6.2					0.00082	0.184	
			0.000824	6.2					0.000824	0.184	
			0.000828	6.2					0.000828	0.192	
			0.000832	6.2					0.000832	0.192	
			0.000836	6.2					0.000836	0.192	
			0.00084	6.2					0.00084	0.192	
			0.000844	6.2					0.000844	0.192	
			0.000848	6.2					0.000848	0.192	
			0.000852	6.2					0.000852	0.2	
			0.000856	6.2					0.000856	0.2	
			0.00086	6.2					0.00086	0.2	
			0.000864	6.2					0.000864	0.2	
			0.000868	6.2					0.000868	0.2	
			0.000872	6					0.000872	0.2	
			0.000876	6					0.000876	0.208	
			0.00088	6					0.00088	0.208	
			0.000884	6					0.000884	0.208	
			0.000888	6					0.000888	0.208	
			0.000892	6.2					0.000892	0.216	
			0.000896	6					0.000896	0.208	
			0.0009	6					0.0009	0.216	
			0.000904	6					0.000904	0.208	
			0.000908	6					0.000908	0.216	
			0.000912	6					0.000912	0.216	
			0.000916	6					0.000916	0.216	
			0.00092	6					0.00092	0.216	
			0.000924	6					0.000924	0.224	
			0.000928	6					0.000928	0.232	
			0.000932	6					0.000932	0.224	
			0.000936	5.8					0.000936	0.224	
			0.00094	5.8					0.00094	0.232	
			0.000944	5.8					0.000944	0.232	
			0.000948	5.8					0.000948	0.232	
			0.000952	5.8					0.000952	0.232	
			0.000956	5.8					0.000956	0.232	
			0.00096	5.8					0.00096	0.24	
			0.000964	5.8					0.000964	0.24	
			0.000968	5.8					0.000968	0.224	
			0.000972	5.8					0.000972	0.232	
			0.000976	5.8					0.000976	0.232	
			0.00098	5.8					0.00098	0.24	
			0.000984	5.6					0.000984	0.24	
			0.000988	5.6					0.000988	0.24	
			0.000992	5.6					0.000992	0.24	
			0.000996	5.6					0.000996	0.24	
			0.001	5.4					0.001	0.24	
			0.001004	5.6					0.001004	0.24	
			0.001008	5.4					0.001008	0.24	
			0.001012	5.6					0.001012	0.248	
			0.001016	5.4					0.001016	0.248	
			0.00102	5.4					0.00102	0.248	
			0.001024	5.4					0.001024	0.256	
			0.001028	5.4					0.001028	0.256	
			0.001032	5.4					0.001032	0.256	
			0.001036	5.4					0.001036	0.256	
			0.00104	5.2					0.00104	0.256	
			0.001044	5.4					0.001044	0.256	
			0.001048	5.2					0.001048	0.256	
			0.001052	5.2					0.001052	0.256	
			0.001056	5.2					0.001056	0.256	
			0.00106	5.2					0.00106	0.264	
			0.001064	5.2					0.001064	0.256	
			0.001068	5.2					0.001068	0.248	
			0.001072	5.2					0.001072	0.256	
			0.001076	5					0.001076	0.264	
			0.00108	5					0.00108	0.256	
			0.001084	5					0.001084	0.256	
			0.001088	5					0.001088	0.264	
			0.001092	5					0.001092	0.264	
			0.001096	5					0.001096	0.264	
			0.0011	4.8					0.0011	0.256	
			0.001104	4.8					0.001104	0.264	
			0.001108	4.8					0.001108	0.264	
			0.001112	4.8					0.001112	0.264	
			0.001116	4.8					0.001116	0.264	
			0.00112	4.8					0.00112	0.272	
			0.001124	4.8					0.001124	0.272	
			0.001128	4.6					0.001128	0.272	
			0.001132	4.6					0.001132	0.272	
			0.001136	4.6					0.001136	0.264	
			0.00114	4.8					0.00114	0.272	
			0.001144	4.6					0.001144	0.272	
			0.001148	4.6					0.001148	0.272	
			0.001152	4.6					0.001152	0.272	
			0.001156	4.6					0.001156	0.28	
			0.00116	4.4					0.00116	0.28	
			0.001164	4.6					0.001164	0.272	
			0.001168	4.4					0.001168	0.272	
			0.001172	4.4					0.001172	0.264	
			0.001176	4.4					0.001176	0.272	
			0.00118	4.4					0.00118	0.272	
			0.001184	4.2					0.001184	0.28	
			0.001188	4.2					0.001188	0.272	
			0.001192	4.2					0.001192	0.272	
			0.001196	4.2					0.001196	0.272	
			0.0012	4					0.0012	0.28	
			0.001204	4					0.001204	0.272	
			0.001208	4					0.001208	0.272	
			0.001212	4					0.001212	0.272	
			0.001216	4					0.001216	0.272	
			0.00122	4					0.00122	0.272	
			0.001224	3.8					0.001224	0.28	
			0.001228	3.8					0.001228	0.28	
			0.001232	3.8					0.001232	0.272	
			0.001236	3.8					0.001236	0.28	
			0.00124	3.8					0.00124	0.272	
			0.001244	3.8					0.001244	0.272	
			0.001248	3.8					0.001248	0.28	
			0.001252	3.6					0.001252	0.28	
			0.001256	3.6					0.001256	0.28	
			0.00126	3.6					0.00126	0.288	
			0.001264	3.6					0.001264	0.28	
			0.001268	3.4					0.001268	0.28	
			0.001272	3.4					0.001272	0.272	
			0.001276	3.4					0.001276	0.272	
			0.00128	3.4					0.00128	0.28	
			0.001284	3.4					0.001284	0.28	
			0.001288	3.2					0.001288	0.28	
			0.001292	3.4					0.001292	0.28	
			0.001296	3.2					0.001296	0.272	
			0.0013	3.2					0.0013	0.272	
			0.001304	3					0.001304	0.272	
			0.001308	3					0.001308	0.28	
			0.001312	3					0.001312	0.28	
			0.001316	3					0.001316	0.272	
			0.00132	3					0.00132	0.28	
			0.001324	3					0.001324	0.28	
			0.001328	2.8					0.001328	0.272	
			0.001332	2.8					0.001332	0.28	
			0.001336	2.8					0.001336	0.272	
			0.00134	2.8					0.00134	0.272	
			0.001344	2.8					0.001344	0.272	
			0.001348	2.8					0.001348	0.272	
			0.001352	2.6					0.001352	0.272	
			0.001356	2.6					0.001356	0.272	
			0.00136	2.6					0.00136	0.28	
			0.001364	2.6					0.001364	0.272	
			0.001368	2.6					0.001368	0.272	
			0.001372	2.4					0.001372	0.28	
			0.001376	2.4					0.001376	0.272	
			0.00138	2.4					0.00138	0.272	
			0.001384	2.2					0.001384	0.272	
			0.001388	2.4					0.001388	0.272	
			0.001392	2.2					0.001392	0.264	
			0.001396	2.2					0.001396	0.264	
			0.0014	2.2					0.0014	0.264	
			0.001404	2.2					0.001404	0.272	
			0.001408	2.2					0.001408	0.272	
			0.001412	2					0.001412	0.264	
			0.001416	2					0.001416	0.264	
			0.00142	2					0.00142	0.256	
			0.001424	2					0.001424	0.264	
			0.001428	1.8					0.001428	0.264	
			0.001432	1.8					0.001432	0.264	
			0.001436	1.8					0.001436	0.264	
			0.00144	1.6					0.00144	0.264	
			0.001444	1.6					0.001444	0.264	
			0.001448	1.6					0.001448	0.264	
			0.001452	1.6					0.001452	0.256	
			0.001456	1.6					0.001456	0.264	
			0.00146	1.6					0.00146	0.256	
			0.001464	1.4					0.001464	0.248	
			0.001468	1.4					0.001468	0.256	
			0.001472	1.4					0.001472	0.248	
			0.001476	1.4					0.001476	0.256	
			0.00148	1.2					0.00148	0.248	
			0.001484	1.2					0.001484	0.256	
			0.001488	1.2					0.001488	0.248	
			0.001492	1					0.001492	0.256	
			0.001496	1.2					0.001496	0.256	
			0.0015	1					0.0015	0.248	
			0.001504	1					0.001504	0.248	
			0.001508	1					0.001508	0.248	
			0.001512	0.8					0.001512	0.248	
			0.001516	0.8					0.001516	0.248	
			0.00152	0.8					0.00152	0.248	
			0.001524	0.8					0.001524	0.24	
			0.001528	0.8					0.001528	0.248	
			0.001532	0.8					0.001532	0.24	
			0.001536	0.6					0.001536	0.24	
			0.00154	0.6					0.00154	0.24	
			0.001544	0.6					0.001544	0.232	
			0.001548	0.4					0.001548	0.24	
			0.001552	0.4					0.001552	0.24	
			0.001556	0.6					0.001556	0.24	
			0.00156	0.4					0.00156	0.24	
			0.001564	0.4					0.001564	0.232	
			0.001568	0.4					0.001568	0.232	
			0.001572	0.2					0.001572	0.232	
			0.001576	0.2					0.001576	0.232	
			0.00158	0.2					0.00158	0.232	
			0.001584	0.2					0.001584	0.232	
			0.001588	0					0.001588	0.224	
			0.001592	0					0.001592	0.224	
			0.001596	0					0.001596	0.224	
			0.0016	-0.2					0.0016	0.224	
			0.001604	-0.2					0.001604	0.224	
			0.001608	-0.2					0.001608	0.224	
			0.001612	-0.2					0.001612	0.224	
			0.001616	-0.2					0.001616	0.216	
			0.00162	-0.4					0.00162	0.216	
			0.001624	-0.4					0.001624	0.216	
			0.001628	-0.4					0.001628	0.216	
			0.001632	-0.6					0.001632	0.216	
			0.001636	-0.6					0.001636	0.216	
			0.00164	-0.6					0.00164	0.216	
			0.001644	-0.6					0.001644	0.208	
			0.001648	-0.8					0.001648	0.208	
			0.001652	-0.8					0.001652	0.208	
			0.001656	-0.8					0.001656	0.208	
			0.00166	-0.8					0.00166	0.2	
			0.001664	-1					0.001664	0.208	
			0.001668	-1					0.001668	0.208	
			0.001672	-1					0.001672	0.208	
			0.001676	-1					0.001676	0.192	
			0.00168	-1					0.00168	0.192	
			0.001684	-1					0.001684	0.192	
			0.001688	-1.2					0.001688	0.2	
			0.001692	-1.2					0.001692	0.2	
			0.001696	-1.2					0.001696	0.192	
			0.0017	-1.2					0.0017	0.192	
			0.001704	-1.4					0.001704	0.184	
			0.001708	-1.4					0.001708	0.192	
			0.001712	-1.4					0.001712	0.184	
			0.001716	-1.4					0.001716	0.184	
			0.00172	-1.4					0.00172	0.184	
			0.001724	-1.6					0.001724	0.176	
			0.001728	-1.6					0.001728	0.184	
			0.001732	-1.6					0.001732	0.176	
			0.001736	-1.6					0.001736	0.184	
			0.00174	-1.6					0.00174	0.176	
			0.001744	-1.6					0.001744	0.176	
			0.001748	-1.8					0.001748	0.168	
			0.001752	-1.8					0.001752	0.168	
			0.001756	-1.8					0.001756	0.168	
			0.00176	-1.8					0.00176	0.168	
			0.001764	-2					0.001764	0.16	
			0.001768	-2					0.001768	0.168	
			0.001772	-2					0.001772	0.16	
			0.001776	-2					0.001776	0.16	
			0.00178	-2					0.00178	0.152	
			0.001784	-2.2					0.001784	0.16	
			0.001788	-2.2					0.001788	0.16	
			0.001792	-2.2					0.001792	0.152	
			0.001796	-2.2					0.001796	0.152	
			0.0018	-2.4					0.0018	0.152	
			0.001804	-2.4					0.001804	0.144	
			0.001808	-2.4					0.001808	0.144	
			0.001812	-2.4					0.001812	0.144	
			0.001816	-2.4					0.001816	0.144	
			0.00182	-2.4					0.00182	0.144	
			0.001824	-2.6					0.001824	0.136	
			0.001828	-2.6					0.001828	0.136	
			0.001832	-2.6					0.001832	0.136	
			0.001836	-2.6					0.001836	0.136	
			0.00184	-2.8					0.00184	0.128	
			0.001844	-2.8					0.001844	0.128	
			0.001848	-2.8					0.001848	0.128	
			0.001852	-2.8					0.001852	0.128	
			0.001856	-2.8					0.001856	0.128	
			0.00186	-3					0.00186	0.12	
			0.001864	-3					0.001864	0.12	
			0.001868	-3					0.001868	0.12	
			0.001872	-3					0.001872	0.112	
			0.001876	-3					0.001876	0.12	
			0.00188	-3					0.00188	0.12	
			0.001884	-3.2					0.001884	0.112	
			0.001888	-3.2					0.001888	0.112	
			0.001892	-3.2					0.001892	0.112	
			0.001896	-3.2					0.001896	0.112	
			0.0019	-3.2					0.0019	0.112	
			0.001904	-3.4					0.001904	0.104	
			0.001908	-3.4					0.001908	0.104	
			0.001912	-3.4					0.001912	0.104	
			0.001916	-3.4					0.001916	0.096	
			0.00192	-3.4					0.00192	0.096	
			0.001924	-3.4					0.001924	0.096	
			0.001928	-3.4					0.001928	0.096	
			0.001932	-3.6					0.001932	0.088	
			0.001936	-3.6					0.001936	0.088	
			0.00194	-3.6					0.00194	0.088	
			0.001944	-3.6					0.001944	0.08	
			0.001948	-3.6					0.001948	0.088	
			0.001952	-3.6					0.001952	0.08	
			0.001956	-3.8					0.001956	0.08	
			0.00196	-3.8					0.00196	0.072	
			0.001964	-3.8					0.001964	0.072	
			0.001968	-3.8					0.001968	0.072	
			0.001972	-3.8					0.001972	0.072	
			0.001976	-3.8					0.001976	0.064	
			0.00198	-4					0.00198	0.064	
			0.001984	-4					0.001984	0.056	
			0.001988	-4					0.001988	0.064	
			0.001992	-4					0.001992	0.064	
			0.001996	-4					0.001996	0.056	
			0.002	-4.2					0.002	0.056	
			0.002004	-4.2					0.002004	0.048	
			0.002008	-4.2					0.002008	0.048	
			0.002012	-4.2					0.002012	0.04	
			0.002016	-4.2					0.002016	0.048	
			0.00202	-4.4					0.00202	0.048	
			0.002024	-4.2					0.002024	0.04	
			0.002028	-4.4					0.002028	0.04	
			0.002032	-4.4					0.002032	0.04	
			0.002036	-4.4					0.002036	0.032	
			0.00204	-4.4					0.00204	0.04	
			0.002044	-4.6					0.002044	0.032	
			0.002048	-4.4					0.002048	0.032	
			0.002052	-4.6					0.002052	0.024	
			0.002056	-4.6					0.002056	0.024	
			0.00206	-4.6					0.00206	0.024	
			0.002064	-4.6					0.002064	0.024	
			0.002068	-4.6					0.002068	0.024	
			0.002072	-4.8					0.002072	0.016	
			0.002076	-4.6					0.002076	0.016	
			0.00208	-4.6					0.00208	0.016	
			0.002084	-4.8					0.002084	0.016	
			0.002088	-4.8					0.002088	0.008	
			0.002092	-4.8					0.002092	0.008	
			0.002096	-4.8					0.002096	0	
			0.0021	-4.8					0.0021	0.008	
			0.002104	-4.8					0.002104	0.008	
			0.002108	-4.8					0.002108	0	
			0.002112	-5					0.002112	-0.008	
			0.002116	-5					0.002116	0	
			0.00212	-5					0.00212	-0.008	
			0.002124	-5					0.002124	-0.008	
			0.002128	-5					0.002128	-0.008	
			0.002132	-5					0.002132	-0.024	
			0.002136	-5					0.002136	-0.016	
			0.00214	-5					0.00214	-0.016	
			0.002144	-5					0.002144	-0.016	
			0.002148	-5					0.002148	-0.024	
			0.002152	-5					0.002152	-0.024	
			0.002156	-5					0.002156	-0.024	
			0.00216	-5.2					0.00216	-0.032	
			0.002164	-5.2					0.002164	-0.032	
			0.002168	-5					0.002168	-0.032	
			0.002172	-5.2					0.002172	-0.032	
			0.002176	-5.2					0.002176	-0.04	
			0.00218	-5.2					0.00218	-0.04	
			0.002184	-5.2					0.002184	-0.04	
			0.002188	-5.2					0.002188	-0.04	
			0.002192	-5.2					0.002192	-0.04	
			0.002196	-5.2					0.002196	-0.048	
			0.0022	-5.2					0.0022	-0.048	
			0.002204	-5.2					0.002204	-0.048	
			0.002208	-5.2					0.002208	-0.048	
			0.002212	-5.4					0.002212	-0.048	
			0.002216	-5.2					0.002216	-0.056	
			0.00222	-5.4					0.00222	-0.064	
			0.002224	-5.4					0.002224	-0.064	
			0.002228	-5.4					0.002228	-0.072	
			0.002232	-5.4					0.002232	-0.072	
			0.002236	-5.4					0.002236	-0.064	
			0.00224	-5.4					0.00224	-0.064	
			0.002244	-5.4					0.002244	-0.08	
			0.002248	-5.4					0.002248	-0.072	
			0.002252	-5.4					0.002252	-0.08	
			0.002256	-5.4					0.002256	-0.08	
			0.00226	-5.4					0.00226	-0.08	
			0.002264	-5.4					0.002264	-0.08	
			0.002268	-5.4					0.002268	-0.08	
			0.002272	-5.4					0.002272	-0.08	
			0.002276	-5.6					0.002276	-0.088	
			0.00228	-5.6					0.00228	-0.088	
			0.002284	-5.6					0.002284	-0.088	
			0.002288	-5.6					0.002288	-0.088	
			0.002292	-5.6					0.002292	-0.096	
			0.002296	-5.6					0.002296	-0.104	
			0.0023	-5.6					0.0023	-0.096	
			0.002304	-5.6					0.002304	-0.096	
			0.002308	-5.6					0.002308	-0.104	
			0.002312	-5.6					0.002312	-0.104	
			0.002316	-5.6					0.002316	-0.104	
			0.00232	-5.6					0.00232	-0.112	
			0.002324	-5.6					0.002324	-0.104	
			0.002328	-5.6					0.002328	-0.12	
			0.002332	-5.6					0.002332	-0.12	
			0.002336	-5.6					0.002336	-0.12	
			0.00234	-5.6					0.00234	-0.12	
			0.002344	-5.6					0.002344	-0.128	
			0.002348	-5.6					0.002348	-0.12	
			0.002352	-5.6					0.002352	-0.128	
			0.002356	-5.6					0.002356	-0.128	
			0.00236	-5.6					0.00236	-0.128	
			0.002364	-5.6					0.002364	-0.128	
			0.002368	-5.6					0.002368	-0.136	
			0.002372	-5.6					0.002372	-0.136	
			0.002376	-5.6					0.002376	-0.136	
			0.00238	-5.6					0.00238	-0.136	
			0.002384	-5.6					0.002384	-0.136	
			0.002388	-5.6					0.002388	-0.136	
			0.002392	-5.8					0.002392	-0.144	
			0.002396	-5.6					0.002396	-0.144	
			0.0024	-5.6					0.0024	-0.144	
			0.002404	-5.6					0.002404	-0.152	
			0.002408	-5.6					0.002408	-0.152	
			0.002412	-5.6					0.002412	-0.144	
			0.002416	-5.6					0.002416	-0.144	
			0.00242	-5.6					0.00242	-0.16	
			0.002424	-5.6					0.002424	-0.152	
			0.002428	-5.6					0.002428	-0.152	
			0.002432	-5.6					0.002432	-0.16	
			0.002436	-5.6					0.002436	-0.16	
			0.00244	-5.6					0.00244	-0.16	
			0.002444	-5.6					0.002444	-0.16	
			0.002448	-5.6					0.002448	-0.168	
			0.002452	-5.6					0.002452	-0.168	
			0.002456	-5.6					0.002456	-0.168	
			0.00246	-5.6					0.00246	-0.168	
			0.002464	-5.6					0.002464	-0.168	
			0.002468	-5.6					0.002468	-0.176	
			0.002472	-5.6					0.002472	-0.176	
			0.002476	-5.6					0.002476	-0.184	
			0.00248	-5.6					0.00248	-0.184	
			0.002484	-5.6					0.002484	-0.176	
			0.002488	-5.6					0.002488	-0.176	
			0.002492	-5.6					0.002492	-0.184	
			0.002496	-5.4					0.002496	-0.184	
			0.0025	-5.6					0.0025	-0.184	
			0.002504	-5.6					0.002504	-0.192	
			0.002508	-5.6					0.002508	-0.184	
			0.002512	-5.4					0.002512	-0.192	
			0.002516	-5.4					0.002516	-0.192	
			0.00252	-5.6					0.00252	-0.2	
			0.002524	-5.6					0.002524	-0.192	
			0.002528	-5.4					0.002528	-0.192	
			0.002532	-5.4					0.002532	-0.2	
			0.002536	-5.4					0.002536	-0.2	
			0.00254	-5.4					0.00254	-0.2	
			0.002544	-5.4					0.002544	-0.208	
			0.002548	-5.4					0.002548	-0.2	
			0.002552	-5.4					0.002552	-0.208	
			0.002556	-5.4					0.002556	-0.208	
			0.00256	-5.4					0.00256	-0.208	
			0.002564	-5.4					0.002564	-0.208	
			0.002568	-5.2					0.002568	-0.216	
			0.002572	-5.2					0.002572	-0.216	
			0.002576	-5.2					0.002576	-0.208	
			0.00258	-5.2					0.00258	-0.208	
			0.002584	-5.2					0.002584	-0.216	
			0.002588	-5.2					0.002588	-0.216	
			0.002592	-5.2					0.002592	-0.216	
			0.002596	-5.2					0.002596	-0.216	
			0.0026	-5.2					0.0026	-0.224	
			0.002604	-5.2					0.002604	-0.224	
			0.002608	-5					0.002608	-0.216	
			0.002612	-5.2					0.002612	-0.232	
			0.002616	-5					0.002616	-0.224	
			0.00262	-5					0.00262	-0.224	
			0.002624	-5					0.002624	-0.224	
			0.002628	-5					0.002628	-0.232	
			0.002632	-5					0.002632	-0.232	
			0.002636	-5					0.002636	-0.232	
			0.00264	-5					0.00264	-0.232	
			0.002644	-5					0.002644	-0.232	
			0.002648	-5					0.002648	-0.24	
			0.002652	-5					0.002652	-0.24	
			0.002656	-5					0.002656	-0.24	
			0.00266	-5					0.00266	-0.232	
			0.002664	-5					0.002664	-0.24	
			0.002668	-5					0.002668	-0.24	
			0.002672	-4.8					0.002672	-0.24	
			0.002676	-4.8					0.002676	-0.24	
			0.00268	-4.8					0.00268	-0.24	
			0.002684	-4.8					0.002684	-0.24	
			0.002688	-4.8					0.002688	-0.248	
			0.002692	-4.8					0.002692	-0.248	
			0.002696	-4.8					0.002696	-0.248	
			0.0027	-4.8					0.0027	-0.248	
			0.002704	-4.6					0.002704	-0.24	
			0.002708	-4.6					0.002708	-0.248	
			0.002712	-4.6					0.002712	-0.248	
			0.002716	-4.6					0.002716	-0.248	
			0.00272	-4.6					0.00272	-0.248	
			0.002724	-4.6					0.002724	-0.248	
			0.002728	-4.6					0.002728	-0.248	
			0.002732	-4.4					0.002732	-0.256	
			0.002736	-4.6					0.002736	-0.248	
			0.00274	-4.4					0.00274	-0.248	
			0.002744	-4.4					0.002744	-0.256	
			0.002748	-4.4					0.002748	-0.256	
			0.002752	-4.4					0.002752	-0.264	
			0.002756	-4.4					0.002756	-0.256	
			0.00276	-4.2					0.00276	-0.248	
			0.002764	-4.2					0.002764	-0.256	
			0.002768	-4.2					0.002768	-0.256	
			0.002772	-4.2					0.002772	-0.264	
			0.002776	-4.2					0.002776	-0.264	
			0.00278	-4.2					0.00278	-0.256	
			0.002784	-4.2					0.002784	-0.264	
			0.002788	-4.2					0.002788	-0.264	
			0.002792	-4.2					0.002792	-0.264	
			0.002796	-4					0.002796	-0.264	
			0.0028	-4					0.0028	-0.264	
			0.002804	-4					0.002804	-0.264	
			0.002808	-4					0.002808	-0.256	
			0.002812	-3.8					0.002812	-0.264	
			0.002816	-3.8					0.002816	-0.264	
			0.00282	-3.8					0.00282	-0.264	
			0.002824	-3.8					0.002824	-0.264	
			0.002828	-3.8					0.002828	-0.272	
			0.002832	-3.8					0.002832	-0.272	
			0.002836	-3.8					0.002836	-0.264	
			0.00284	-3.6					0.00284	-0.264	
			0.002844	-3.6					0.002844	-0.264	
			0.002848	-3.6					0.002848	-0.264	
			0.002852	-3.6					0.002852	-0.264	
			0.002856	-3.6					0.002856	-0.272	
			0.00286	-3.4					0.00286	-0.272	
			0.002864	-3.4					0.002864	-0.272	
			0.002868	-3.4					0.002868	-0.272	
			0.002872	-3.4					0.002872	-0.264	
			0.002876	-3.4					0.002876	-0.272	
			0.00288	-3.2					0.00288	-0.272	
			0.002884	-3.2					0.002884	-0.272	
			0.002888	-3.2					0.002888	-0.264	
			0.002892	-3.2					0.002892	-0.272	
			0.002896	-3.2					0.002896	-0.272	
			0.0029	-3.2					0.0029	-0.272	
			0.002904	-3					0.002904	-0.272	
			0.002908	-3					0.002908	-0.272	
			0.002912	-3					0.002912	-0.272	
			0.002916	-3					0.002916	-0.264	
			0.00292	-3					0.00292	-0.272	
			0.002924	-3					0.002924	-0.272	
			0.002928	-2.8					0.002928	-0.272	
			0.002932	-2.8					0.002932	-0.272	
			0.002936	-2.8					0.002936	-0.264	
			0.00294	-2.8					0.00294	-0.264	
			0.002944	-2.8					0.002944	-0.272	
			0.002948	-2.6					0.002948	-0.272	
			0.002952	-2.6					0.002952	-0.264	
			0.002956	-2.4					0.002956	-0.272	
			0.00296	-2.6					0.00296	-0.272	
			0.002964	-2.4					0.002964	-0.272	
			0.002968	-2.4					0.002968	-0.272	
			0.002972	-2.4					0.002972	-0.272	
			0.002976	-2.4					0.002976	-0.264	
			0.00298	-2.4					0.00298	-0.272	
			0.002984	-2.2					0.002984	-0.28	
			0.002988	-2.2					0.002988	-0.272	
			0.002992	-2.2					0.002992	-0.264	
			0.002996	-2					0.002996	-0.272	
			0.003	-2.2					0.003	-0.264	
			0.003004	-2					0.003004	-0.272	
			0.003008	-2					0.003008	-0.272	
			0.003012	-2					0.003012	-0.264	
			0.003016	-1.8					0.003016	-0.264	
			0.00302	-2					0.00302	-0.264	
			0.003024	-1.8					0.003024	-0.272	
			0.003028	-1.8					0.003028	-0.264	
			0.003032	-1.8					0.003032	-0.272	
			0.003036	-1.8					0.003036	-0.264	
			0.00304	-1.8					0.00304	-0.264	
			0.003044	-1.6					0.003044	-0.264	
			0.003048	-1.6					0.003048	-0.264	
			0.003052	-1.6					0.003052	-0.264	
			0.003056	-1.6					0.003056	-0.264	
			0.00306	-1.4					0.00306	-0.264	
			0.003064	-1.4					0.003064	-0.256	
			0.003068	-1.2					0.003068	-0.264	
			0.003072	-1.4					0.003072	-0.264	
			0.003076	-1.4					0.003076	-0.264	
			0.00308	-1.2					0.00308	-0.256	
			0.003084	-1.2					0.003084	-0.256	
			0.003088	-1.2					0.003088	-0.256	
			0.003092	-1.2					0.003092	-0.256	
			0.003096	-1.2					0.003096	-0.256	
			0.0031	-1					0.0031	-0.256	
			0.003104	-1					0.003104	-0.264	
			0.003108	-1					0.003108	-0.256	
			0.003112	-1					0.003112	-0.248	
			0.003116	-1					0.003116	-0.248	
			0.00312	-0.8					0.00312	-0.256	
			0.003124	-0.8					0.003124	-0.256	
			0.003128	-0.8					0.003128	-0.256	
			0.003132	-0.8					0.003132	-0.248	
			0.003136	-0.6					0.003136	-0.256	
			0.00314	-0.6					0.00314	-0.248	
			0.003144	-0.6					0.003144	-0.248	
			0.003148	-0.6					0.003148	-0.248	
			0.003152	-0.4					0.003152	-0.248	
			0.003156	-0.4					0.003156	-0.256	
			0.00316	-0.4					0.00316	-0.24	
			0.003164	-0.4					0.003164	-0.24	
			0.003168	-0.4					0.003168	-0.24	
			0.003172	-0.4					0.003172	-0.248	
			0.003176	-0.2					0.003176	-0.248	
			0.00318	-0.2					0.00318	-0.24	
			0.003184	-0.2					0.003184	-0.24	
			0.003188	0					0.003188	-0.24	
			0.003192	0					0.003192	-0.24	
			0.003196	0					0.003196	-0.232	
			0.0032	0					0.0032	-0.232	
			0.003204	0					0.003204	-0.24	
			0.003208	0.2					0.003208	-0.232	
			0.003212	0.2					0.003212	-0.24	
			0.003216	0.2					0.003216	-0.232	
			0.00322	0.4					0.00322	-0.232	
			0.003224	0.4					0.003224	-0.224	
			0.003228	0.4					0.003228	-0.232	
			0.003232	0.6					0.003232	-0.224	
			0.003236	0.4					0.003236	-0.224	
			0.00324	0.6					0.00324	-0.232	
			0.003244	0.6					0.003244	-0.224	
			0.003248	0.6					0.003248	-0.224	
			0.003252	0.8					0.003252	-0.224	
			0.003256	0.8					0.003256	-0.224	
			0.00326	0.8					0.00326	-0.224	
			0.003264	0.8					0.003264	-0.224	
			0.003268	0.8					0.003268	-0.216	
			0.003272	0.8					0.003272	-0.224	
			0.003276	1					0.003276	-0.216	
			0.00328	1					0.00328	-0.216	
			0.003284	1					0.003284	-0.216	
			0.003288	1					0.003288	-0.216	
			0.003292	1					0.003292	-0.216	
			0.003296	1.2					0.003296	-0.216	
			0.0033	1.2					0.0033	-0.208	
			0.003304	1.2					0.003304	-0.208	
			0.003308	1.2					0.003308	-0.208	
			0.003312	1.4					0.003312	-0.208	
			0.003316	1.4					0.003316	-0.2	
			0.00332	1.4					0.00332	-0.208	
			0.003324	1.4					0.003324	-0.2	
			0.003328	1.6					0.003328	-0.2	
			0.003332	1.6					0.003332	-0.192	
			0.003336	1.6					0.003336	-0.192	
			0.00334	1.6					0.00334	-0.2	
			0.003344	1.8					0.003344	-0.192	
			0.003348	1.8					0.003348	-0.192	
			0.003352	1.8					0.003352	-0.192	
			0.003356	1.8					0.003356	-0.192	
			0.00336	1.8					0.00336	-0.184	
			0.003364	1.8					0.003364	-0.184	
			0.003368	2					0.003368	-0.184	
			0.003372	2					0.003372	-0.184	
			0.003376	2					0.003376	-0.184	
			0.00338	2.2					0.00338	-0.184	
			0.003384	2.2					0.003384	-0.176	
			0.003388	2.2					0.003388	-0.176	
			0.003392	2.2					0.003392	-0.176	
			0.003396	2.2					0.003396	-0.176	
			0.0034	2.2					0.0034	-0.168	
			0.003404	2.4					0.003404	-0.168	
			0.003408	2.4					0.003408	-0.168	
			0.003412	2.4					0.003412	-0.168	
			0.003416	2.6					0.003416	-0.16	
			0.00342	2.6					0.00342	-0.168	
			0.003424	2.6					0.003424	-0.16	
			0.003428	2.6					0.003428	-0.16	
			0.003432	2.6					0.003432	-0.16	
			0.003436	2.8					0.003436	-0.16	
			0.00344	2.8					0.00344	-0.16	
			0.003444	2.8					0.003444	-0.144	
			0.003448	2.8					0.003448	-0.152	
			0.003452	2.8					0.003452	-0.152	
			0.003456	2.8					0.003456	-0.144	
			0.00346	3					0.00346	-0.144	
			0.003464	3					0.003464	-0.144	
			0.003468	3					0.003468	-0.144	
			0.003472	3					0.003472	-0.144	
			0.003476	3					0.003476	-0.136	
			0.00348	3					0.00348	-0.136	
			0.003484	3.2					0.003484	-0.136	
			0.003488	3.2					0.003488	-0.136	
			0.003492	3.2					0.003492	-0.136	
			0.003496	3.2					0.003496	-0.136	
			0.0035	3.4					0.0035	-0.128	
			0.003504	3.4					0.003504	-0.128	
			0.003508	3.4					0.003508	-0.128	
			0.003512	3.4					0.003512	-0.128	
			0.003516	3.4					0.003516	-0.12	
			0.00352	3.4					0.00352	-0.12	
			0.003524	3.6					0.003524	-0.112	
			0.003528	3.6					0.003528	-0.12	
			0.003532	3.6					0.003532	-0.112	
			0.003536	3.6					0.003536	-0.112	
			0.00354	3.6					0.00354	-0.104	
			0.003544	3.8					0.003544	-0.112	
			0.003548	3.8					0.003548	-0.104	
			0.003552	3.8					0.003552	-0.104	
			0.003556	3.8					0.003556	-0.104	
			0.00356	3.8					0.00356	-0.096	
			0.003564	4					0.003564	-0.096	
			0.003568	4					0.003568	-0.096	
			0.003572	4					0.003572	-0.096	
			0.003576	4					0.003576	-0.096	
			0.00358	4					0.00358	-0.088	
			0.003584	4					0.003584	-0.088	
			0.003588	4.2					0.003588	-0.088	
			0.003592	4.2					0.003592	-0.08	
			0.003596	4.2					0.003596	-0.088	
			0.0036	4.2					0.0036	-0.088	
			0.003604	4.4					0.003604	-0.08	
			0.003608	4.4					0.003608	-0.072	
			0.003612	4.4					0.003612	-0.072	
			0.003616	4.4					0.003616	-0.072	
			0.00362	4.4					0.00362	-0.08	
			0.003624	4.4					0.003624	-0.072	
			0.003628	4.4					0.003628	-0.064	
			0.003632	4.6					0.003632	-0.064	
			0.003636	4.6					0.003636	-0.064	
			0.00364	4.6					0.00364	-0.064	
			0.003644	4.6					0.003644	-0.064	
			0.003648	4.6					0.003648	-0.056	
			0.003652	4.6					0.003652	-0.056	
			0.003656	4.6					0.003656	-0.056	
			0.00366	4.8					0.00366	-0.048	
			0.003664	4.8					0.003664	-0.048	
			0.003668	4.8					0.003668	-0.048	
			0.003672	4.8					0.003672	-0.04	
			0.003676	4.8					0.003676	-0.048	
			0.00368	4.8					0.00368	-0.04	
			0.003684	4.8					0.003684	-0.04	
			0.003688	5					0.003688	-0.032	
			0.003692	5					0.003692	-0.032	
			0.003696	5					0.003696	-0.032	
			0.0037	5					0.0037	-0.032	
			0.003704	5					0.003704	-0.024	
			0.003708	5					0.003708	-0.024	
			0.003712	5.2					0.003712	-0.032	
			0.003716	5.2					0.003716	-0.024	
			0.00372	5.2					0.00372	-0.016	
			0.003724	5.2					0.003724	-0.016	
			0.003728	5.2					0.003728	-0.016	
			0.003732	5.2					0.003732	-0.008	
			0.003736	5.2					0.003736	-0.008	
			0.00374	5.2					0.00374	-0.008	
			0.003744	5.4					0.003744	-0.008	
			0.003748	5.2					0.003748	0	
			0.003752	5.4					0.003752	0	
			0.003756	5.4					0.003756	0	
			0.00376	5.4					0.00376	0.008	
			0.003764	5.4					0.003764	0.008	
			0.003768	5.4					0.003768	0.008	
			0.003772	5.4					0.003772	0.008	
			0.003776	5.6					0.003776	0.016	
			0.00378	5.6					0.00378	0.016	
			0.003784	5.6					0.003784	0.008	
			0.003788	5.6					0.003788	0.008	
			0.003792	5.6					0.003792	0.024	
			0.003796	5.6					0.003796	0.016	
			0.0038	5.6					0.0038	0.024	
			0.003804	5.6					0.003804	0.024	
			0.003808	5.8					0.003808	0.024	
			0.003812	5.8					0.003812	0.024	
			0.003816	5.8					0.003816	0.032	
			0.00382	5.8					0.00382	0.032	
			0.003824	5.6					0.003824	0.032	
			0.003828	5.8					0.003828	0.032	
			0.003832	5.8					0.003832	0.032	
			0.003836	5.8					0.003836	0.04	
			0.00384	5.8					0.00384	0.04	
			0.003844	5.8					0.003844	0.04	
			0.003848	5.8					0.003848	0.04	
			0.003852	6					0.003852	0.048	
			0.003856	5.8					0.003856	0.056	
			0.00386	6					0.00386	0.056	
			0.003864	6					0.003864	0.048	
			0.003868	6					0.003868	0.056	
			0.003872	6					0.003872	0.064	
			0.003876	6					0.003876	0.056	
			0.00388	6					0.00388	0.056	
			0.003884	6					0.003884	0.064	
			0.003888	6					0.003888	0.072	
			0.003892	6					0.003892	0.064	
			0.003896	6					0.003896	0.072	
			0.0039	6					0.0039	0.072	
			0.003904	6					0.003904	0.08	
			0.003908	6.2					0.003908	0.08	
			0.003912	6					0.003912	0.08	
			0.003916	6.2					0.003916	0.08	
			0.00392	6					0.00392	0.08	
			0.003924	6.2					0.003924	0.088	
			0.003928	6.2					0.003928	0.088	
			0.003932	6.2					0.003932	0.088	
			0.003936	6.2					0.003936	0.096	
			0.00394	6.2					0.00394	0.096	
			0.003944	6.2					0.003944	0.096	
			0.003948	6.2					0.003948	0.096	
			0.003952	6.2					0.003952	0.096	
			0.003956	6.2					0.003956	0.096	
			0.00396	6.2					0.00396	0.104	
			0.003964	6.2					0.003964	0.104	
			0.003968	6.2					0.003968	0.104	
			0.003972	6.2					0.003972	0.104	
			0.003976	6.2					0.003976	0.112	
			0.00398	6.2					0.00398	0.112	
			0.003984	6.2					0.003984	0.12	
			0.003988	6.2					0.003988	0.12	
			0.003992	6.2					0.003992	0.112	
			0.003996	6.2					0.003996	0.112	
			0.004	6.2					0.004	0.12	
			0.004004	6.2					0.004004	0.12	
			0.004008	6.2					0.004008	0.128	
			0.004012	6.2					0.004012	0.12	
			0.004016	6.2					0.004016	0.128	
			0.00402	6.2					0.00402	0.136	
			0.004024	6.4					0.004024	0.136	
			0.004028	6.4					0.004028	0.128	
			0.004032	6.4					0.004032	0.136	
			0.004036	6.2					0.004036	0.136	
			0.00404	6.4					0.00404	0.136	
			0.004044	6.4					0.004044	0.144	
			0.004048	6.2					0.004048	0.136	
			0.004052	6.4					0.004052	0.144	
			0.004056	6.4					0.004056	0.144	
			0.00406	6.4					0.00406	0.144	
			0.004064	6.4					0.004064	0.152	
			0.004068	6.4					0.004068	0.152	
			0.004072	6.4					0.004072	0.152	
			0.004076	6.4					0.004076	0.152	
			0.00408	6.4					0.00408	0.16	
			0.004084	6.4					0.004084	0.16	
			0.004088	6.4					0.004088	0.16	
			0.004092	6.4					0.004092	0.168	
			0.004096	6.4					0.004096	0.16	
			0.0041	6.2					0.0041	0.168	
			0.004104	6.4					0.004104	0.168	
			0.004108	6.4					0.004108	0.176	
			0.004112	6.4					0.004112	0.168	
			0.004116	6.4					0.004116	0.176	
			0.00412	6.2					0.00412	0.176	
			0.004124	6.2					0.004124	0.176	
			0.004128	6.2					0.004128	0.176	
			0.004132	6.2					0.004132	0.184	
			0.004136	6.2					0.004136	0.184	
			0.00414	6.2					0.00414	0.184	
			0.004144	6.2					0.004144	0.184	
			0.004148	6.2					0.004148	0.184	
			0.004152	6.2					0.004152	0.192	
			0.004156	6.2					0.004156	0.184	
			0.00416	6.2					0.00416	0.192	
			0.004164	6.2					0.004164	0.192	
			0.004168	6.2					0.004168	0.192	
			0.004172	6.2					0.004172	0.192	
			0.004176	6.2					0.004176	0.192	
			0.00418	6.2					0.00418	0.192	
			0.004184	6.2					0.004184	0.2	
			0.004188	6.2					0.004188	0.2	
			0.004192	6.2					0.004192	0.2	
			0.004196	6.2					0.004196	0.2	
			0.0042	6.2					0.0042	0.208	
			0.004204	6.2					0.004204	0.208	
			0.004208	6					0.004208	0.208	
			0.004212	6					0.004212	0.208	
			0.004216	6					0.004216	0.208	
			0.00422	6					0.00422	0.208	
			0.004224	6					0.004224	0.208	
			0.004228	6					0.004228	0.208	
			0.004232	6					0.004232	0.216	
			0.004236	6					0.004236	0.216	
			0.00424	5.8					0.00424	0.216	
			0.004244	6					0.004244	0.216	
			0.004248	6					0.004248	0.216	
			0.004252	6					0.004252	0.216	
			0.004256	6					0.004256	0.216	
			0.00426	6					0.00426	0.224	
			0.004264	6					0.004264	0.224	
			0.004268	5.8					0.004268	0.224	
			0.004272	5.8					0.004272	0.224	
			0.004276	5.8					0.004276	0.232	
			0.00428	5.8					0.00428	0.224	
			0.004284	5.8					0.004284	0.232	
			0.004288	5.8					0.004288	0.232	
			0.004292	5.8					0.004292	0.232	
			0.004296	5.8					0.004296	0.232	
			0.0043	5.6					0.0043	0.232	
			0.004304	5.8					0.004304	0.248	
			0.004308	5.8					0.004308	0.232	
			0.004312	5.6					0.004312	0.232	
			0.004316	5.6					0.004316	0.24	
			0.00432	5.8					0.00432	0.24	
			0.004324	5.6					0.004324	0.24	
			0.004328	5.6					0.004328	0.24	
			0.004332	5.6					0.004332	0.248	
			0.004336	5.6					0.004336	0.24	
			0.00434	5.4					0.00434	0.248	
			0.004344	5.6					0.004344	0.248	
			0.004348	5.4					0.004348	0.248	
			0.004352	5.4					0.004352	0.248	
			0.004356	5.4					0.004356	0.248	
			0.00436	5.4					0.00436	0.248	
			0.004364	5.4					0.004364	0.248	
			0.004368	5.4					0.004368	0.256	
			0.004372	5.2					0.004372	0.256	
			0.004376	5.2					0.004376	0.256	
			0.00438	5.2					0.00438	0.256	
			0.004384	5.2					0.004384	0.256	
			0.004388	5.2					0.004388	0.264	
			0.004392	5.2					0.004392	0.256	
			0.004396	5.2					0.004396	0.256	
			0.0044	5					0.0044	0.256	
			0.004404	5					0.004404	0.256	
			0.004408	5.2					0.004408	0.256	
			0.004412	5					0.004412	0.256	
			0.004416	5					0.004416	0.264	
			0.00442	5					0.00442	0.264	
			0.004424	5					0.004424	0.264	
			0.004428	5					0.004428	0.264	
			0.004432	4.8					0.004432	0.256	
			0.004436	4.8					0.004436	0.264	
			0.00444	4.8					0.00444	0.264	
			0.004444	4.8					0.004444	0.264	
			0.004448	4.8					0.004448	0.264	
			0.004452	4.8					0.004452	0.264	
			0.004456	4.8					0.004456	0.272	
			0.00446	4.6					0.00446	0.272	
			0.004464	4.8					0.004464	0.272	
			0.004468	4.8					0.004468	0.272	
			0.004472	4.6					0.004472	0.272	
			0.004476	4.6					0.004476	0.272	
			0.00448	4.6					0.00448	0.264	
			0.004484	4.6					0.004484	0.272	
			0.004488	4.6					0.004488	0.272	
			0.004492	4.4					0.004492	0.272	
			0.004496	4.4					0.004496	0.272	
			0.0045	4.4					0.0045	0.272	
			0.004504	4.4					0.004504	0.272	
			0.004508	4.4					0.004508	0.272	
			0.004512	4.2					0.004512	0.272	
			0.004516	4.4					0.004516	0.28	
			0.00452	4.2					0.00452	0.272	
			0.004524	4.2					0.004524	0.272	
			0.004528	4.2					0.004528	0.28	
			0.004532	4.2					0.004532	0.28	
			0.004536	4.2					0.004536	0.28	
			0.00454	4					0.00454	0.272	
			0.004544	4					0.004544	0.28	
			0.004548	4					0.004548	0.28	
			0.004552	3.8					0.004552	0.28	
			0.004556	4					0.004556	0.28	
			0.00456	3.8					0.00456	0.272	
			0.004564	3.8					0.004564	0.28	
			0.004568	3.8					0.004568	0.28	
			0.004572	3.8					0.004572	0.28	
			0.004576	3.6					0.004576	0.28	
			0.00458	3.6					0.00458	0.272	
			0.004584	3.6					0.004584	0.272	
			0.004588	3.6					0.004588	0.272	
			0.004592	3.6					0.004592	0.28	
			0.004596	3.6					0.004596	0.28	
			0.0046	3.4					0.0046	0.28	
			0.004604	3.4					0.004604	0.28	
			0.004608	3.4					0.004608	0.28	
			0.004612	3.4					0.004612	0.28	
			0.004616	3.4					0.004616	0.28	
			0.00462	3.4					0.00462	0.272	
			0.004624	3.2					0.004624	0.28	
			0.004628	3.2					0.004628	0.272	
			0.004632	3.2					0.004632	0.28	
			0.004636	3					0.004636	0.272	
			0.00464	3.2					0.00464	0.272	
			0.004644	3					0.004644	0.272	
			0.004648	3					0.004648	0.28	
			0.004652	3					0.004652	0.28	
			0.004656	3					0.004656	0.28	
			0.00466	2.8					0.00466	0.28	
			0.004664	2.8					0.004664	0.272	
			0.004668	2.8					0.004668	0.272	
			0.004672	2.8					0.004672	0.272	
			0.004676	2.8					0.004676	0.272	
			0.00468	2.8					0.00468	0.272	
			0.004684	2.6					0.004684	0.272	
			0.004688	2.8					0.004688	0.272	
			0.004692	2.6					0.004692	0.272	
			0.004696	2.6					0.004696	0.272	
			0.0047	2.6					0.0047	0.272	
			0.004704	2.6					0.004704	0.272	
			0.004708	2.4					0.004708	0.28	
			0.004712	2.4					0.004712	0.272	
			0.004716	2.4					0.004716	0.272	
			0.00472	2.2					0.00472	0.272	
			0.004724	2.2					0.004724	0.272	
			0.004728	2.2					0.004728	0.264	
			0.004732	2.2					0.004732	0.272	
			0.004736	2					0.004736	0.264	
			0.00474	2					0.00474	0.272	
			0.004744	2					0.004744	0.264	
			0.004748	2					0.004748	0.264	
			0.004752	2					0.004752	0.264	
			0.004756	1.8					0.004756	0.264	
			0.00476	1.8					0.00476	0.264	
			0.004764	1.8					0.004764	0.264	
			0.004768	1.8					0.004768	0.272	
			0.004772	1.6					0.004772	0.264	
			0.004776	1.6					0.004776	0.264	
			0.00478	1.6					0.00478	0.264	
			0.004784	1.6					0.004784	0.256	
			0.004788	1.6					0.004788	0.264	
			0.004792	1.6					0.004792	0.256	
			0.004796	1.4					0.004796	0.264	
			0.0048	1.4					0.0048	0.256	
			0.004804	1.4					0.004804	0.256	
			0.004808	1.4					0.004808	0.256	
			0.004812	1.2					0.004812	0.264	
			0.004816	1.2					0.004816	0.248	
			0.00482	1.2					0.00482	0.256	
			0.004824	1.2					0.004824	0.256	
			0.004828	1					0.004828	0.256	
			0.004832	1					0.004832	0.256	
			0.004836	1					0.004836	0.248	
			0.00484	1					0.00484	0.248	
			0.004844	1					0.004844	0.248	
			0.004848	0.8					0.004848	0.248	
			0.004852	0.8					0.004852	0.24	
			0.004856	0.8					0.004856	0.24	
			0.00486	0.8					0.00486	0.248	
			0.004864	0.8					0.004864	0.248	
			0.004868	0.6					0.004868	0.248	
			0.004872	0.6					0.004872	0.248	
			0.004876	0.6					0.004876	0.232	
			0.00488	0.6					0.00488	0.24	
			0.004884	0.6					0.004884	0.232	
			0.004888	0.4					0.004888	0.232	
			0.004892	0.4					0.004892	0.24	
			0.004896	0.4					0.004896	0.232	
			0.0049	0.2					0.0049	0.232	
			0.004904	0.2					0.004904	0.232	
			0.004908	0.2					0.004908	0.232	
			0.004912	0					0.004912	0.232	
			0.004916	0.2					0.004916	0.232	
			0.00492	0					0.00492	0.224	
			0.004924	0					0.004924	0.224	
			0.004928	0					0.004928	0.224	
			0.004932	-0.2					0.004932	0.224	
			0.004936	-0.2					0.004936	0.224	
			0.00494	-0.2					0.00494	0.224	
			0.004944	-0.2					0.004944	0.216	
			0.004948	-0.4					0.004948	0.224	
			0.004952	-0.4					0.004952	0.216	
			0.004956	-0.4					0.004956	0.216	
			0.00496	-0.4					0.00496	0.216	
			0.004964	-0.4					0.004964	0.216	
			0.004968	-0.6					0.004968	0.216	
			0.004972	-0.6					0.004972	0.208	
			0.004976	-0.6					0.004976	0.208	
			0.00498	-0.6					0.00498	0.208	
			0.004984	-0.8					0.004984	0.208	
			0.004988	-0.8					0.004988	0.208	
			0.004992	-0.8					0.004992	0.2	
			0.004996	-0.8					0.004996	0.208	
			0.005	-1					0.005	0.2	
