Record Length	2500	Points	-0.004996	-4.08		Record Length	2500	Points	-0.004996	0.256	
Sample Interval	4e-006	s	-0.004992	-4		Sample Interval	4e-006	s	-0.004992	0.252	
Trigger Point	1249.000084	Samples	-0.004988	-4		Trigger Point	1249.000084	Samples	-0.004988	0.252	
			-0.004984	-4					-0.004984	0.248	
			-0.00498	-4					-0.00498	0.248	
			-0.004976	-4					-0.004976	0.24	
Source	CH1		-0.004972	-4		Source	CH2		-0.004972	0.236	
Vertical Units	Volts		-0.004968	-4		Vertical Units	Volts		-0.004968	0.232	
Vertical Scale	2.0000000		-0.004964	-4		Vertical Scale	100.0000047E-3		-0.004964	0.228	
Vertical Offset	0		-0.00496	-4		Vertical Offset	0		-0.00496	0.232	
Horizontal Units	s		-0.004956	-4		Horizontal Units	s		-0.004956	0.224	
Horizontal Scale	1.000000E-3		-0.004952	-4		Horizontal Scale	1.000000E-3		-0.004952	0.224	
Pt Fmt	Y		-0.004948	-4		Pt Fmt	Y		-0.004948	0.22	
Yzero	320.00000000E-3		-0.004944	-4		Yzero	-40.00000000E-3		-0.004944	0.22	
Probe Atten	10.000000		-0.00494	-4		Probe Atten	10.000000		-0.00494	0.216	
			-0.004936	-4					-0.004936	0.212	
Note	TBS 1052B-EDU - 01:09:55 p.m.   08/03/2017		-0.004932	-4		Note	TBS 1052B-EDU - 01:09:55 p.m.   08/03/2017		-0.004932	0.212	
			-0.004928	-4					-0.004928	0.204	
			-0.004924	-4					-0.004924	0.2	
			-0.00492	-4					-0.00492	0.204	
			-0.004916	-4					-0.004916	0.204	
			-0.004912	-4					-0.004912	0.196	
			-0.004908	-4					-0.004908	0.188	
			-0.004904	-4					-0.004904	0.192	
			-0.0049	-4					-0.0049	0.188	
			-0.004896	-4					-0.004896	0.188	
			-0.004892	-4					-0.004892	0.184	
			-0.004888	-4					-0.004888	0.18	
			-0.004884	-4					-0.004884	0.184	
			-0.00488	-4					-0.00488	0.176	
			-0.004876	-4					-0.004876	0.172	
			-0.004872	-4					-0.004872	0.172	
			-0.004868	-4					-0.004868	0.164	
			-0.004864	-4					-0.004864	0.168	
			-0.00486	-4					-0.00486	0.164	
			-0.004856	-4					-0.004856	0.164	
			-0.004852	-4					-0.004852	0.16	
			-0.004848	-4					-0.004848	0.152	
			-0.004844	-4					-0.004844	0.156	
			-0.00484	-4					-0.00484	0.156	
			-0.004836	-4					-0.004836	0.152	
			-0.004832	-4					-0.004832	0.148	
			-0.004828	-4					-0.004828	0.148	
			-0.004824	-4					-0.004824	0.144	
			-0.00482	-4					-0.00482	0.14	
			-0.004816	-4					-0.004816	0.136	
			-0.004812	-4					-0.004812	0.14	
			-0.004808	-4					-0.004808	0.136	
			-0.004804	-4					-0.004804	0.128	
			-0.0048	-4					-0.0048	0.132	
			-0.004796	-4					-0.004796	0.128	
			-0.004792	-4					-0.004792	0.124	
			-0.004788	-4					-0.004788	0.124	
			-0.004784	-4					-0.004784	0.12	
			-0.00478	-4					-0.00478	0.12	
			-0.004776	-4					-0.004776	0.12	
			-0.004772	-4					-0.004772	0.112	
			-0.004768	-4					-0.004768	0.112	
			-0.004764	-4					-0.004764	0.108	
			-0.00476	-4					-0.00476	0.112	
			-0.004756	-4					-0.004756	0.1	
			-0.004752	-4					-0.004752	0.108	
			-0.004748	-4					-0.004748	0.108	
			-0.004744	-4					-0.004744	0.1	
			-0.00474	-4					-0.00474	0.092	
			-0.004736	-4					-0.004736	0.1	
			-0.004732	-4					-0.004732	0.096	
			-0.004728	-4					-0.004728	0.092	
			-0.004724	-4					-0.004724	0.088	
			-0.00472	-4					-0.00472	0.088	
			-0.004716	-4					-0.004716	0.088	
			-0.004712	-4					-0.004712	0.084	
			-0.004708	-4					-0.004708	0.08	
			-0.004704	-4					-0.004704	0.08	
			-0.0047	-4					-0.0047	0.08	
			-0.004696	-4					-0.004696	0.076	
			-0.004692	-4					-0.004692	0.076	
			-0.004688	-4					-0.004688	0.076	
			-0.004684	-4					-0.004684	0.072	
			-0.00468	-4					-0.00468	0.068	
			-0.004676	-4					-0.004676	0.068	
			-0.004672	-4					-0.004672	0.064	
			-0.004668	-4					-0.004668	0.064	
			-0.004664	-4					-0.004664	0.06	
			-0.00466	-4					-0.00466	0.056	
			-0.004656	-4					-0.004656	0.056	
			-0.004652	-4					-0.004652	0.056	
			-0.004648	-4					-0.004648	0.056	
			-0.004644	-4					-0.004644	0.048	
			-0.00464	-4					-0.00464	0.048	
			-0.004636	-4					-0.004636	0.048	
			-0.004632	-4					-0.004632	0.048	
			-0.004628	-4					-0.004628	0.048	
			-0.004624	-4					-0.004624	0.04	
			-0.00462	-4					-0.00462	0.036	
			-0.004616	-4					-0.004616	0.044	
			-0.004612	-4					-0.004612	0.036	
			-0.004608	-4					-0.004608	0.036	
			-0.004604	-4					-0.004604	0.032	
			-0.0046	-4					-0.0046	0.028	
			-0.004596	-4					-0.004596	0.024	
			-0.004592	-4					-0.004592	0.028	
			-0.004588	-4					-0.004588	0.032	
			-0.004584	-4					-0.004584	0.032	
			-0.00458	-4					-0.00458	0.02	
			-0.004576	-4					-0.004576	0.016	
			-0.004572	-4					-0.004572	0.016	
			-0.004568	-4					-0.004568	0.016	
			-0.004564	-4					-0.004564	0.016	
			-0.00456	-4					-0.00456	0.012	
			-0.004556	-4					-0.004556	0.016	
			-0.004552	-4					-0.004552	0.012	
			-0.004548	-4					-0.004548	0.004	
			-0.004544	-4					-0.004544	0.008	
			-0.00454	-4					-0.00454	0.004	
			-0.004536	-4					-0.004536	0	
			-0.004532	-4					-0.004532	0.008	
			-0.004528	-4					-0.004528	0	
			-0.004524	-4					-0.004524	0	
			-0.00452	-4					-0.00452	-0.004	
			-0.004516	-4					-0.004516	-0.008	
			-0.004512	-4					-0.004512	-0.004	
			-0.004508	-4					-0.004508	-0.004	
			-0.004504	-4					-0.004504	-0.012	
			-0.0045	-4					-0.0045	-0.012	
			-0.004496	-4					-0.004496	-0.012	
			-0.004492	-4					-0.004492	-0.008	
			-0.004488	-4					-0.004488	-0.012	
			-0.004484	-4					-0.004484	-0.012	
			-0.00448	-4					-0.00448	-0.02	
			-0.004476	-4					-0.004476	-0.02	
			-0.004472	-4					-0.004472	-0.02	
			-0.004468	-4					-0.004468	-0.024	
			-0.004464	-4					-0.004464	-0.024	
			-0.00446	-4					-0.00446	-0.028	
			-0.004456	-4					-0.004456	-0.032	
			-0.004452	-4					-0.004452	-0.032	
			-0.004448	-4					-0.004448	-0.024	
			-0.004444	-4					-0.004444	-0.032	
			-0.00444	-4					-0.00444	-0.032	
			-0.004436	-4					-0.004436	-0.032	
			-0.004432	-4					-0.004432	-0.04	
			-0.004428	-4					-0.004428	-0.04	
			-0.004424	-4					-0.004424	-0.036	
			-0.00442	-4					-0.00442	-0.036	
			-0.004416	-4					-0.004416	-0.044	
			-0.004412	-4					-0.004412	-0.044	
			-0.004408	-4					-0.004408	-0.044	
			-0.004404	-4					-0.004404	-0.048	
			-0.0044	-4					-0.0044	-0.048	
			-0.004396	-4					-0.004396	-0.052	
			-0.004392	-4					-0.004392	-0.048	
			-0.004388	-4					-0.004388	-0.056	
			-0.004384	-4					-0.004384	-0.048	
			-0.00438	-4					-0.00438	-0.06	
			-0.004376	-4					-0.004376	-0.06	
			-0.004372	-4					-0.004372	-0.06	
			-0.004368	-4					-0.004368	-0.056	
			-0.004364	-4					-0.004364	-0.056	
			-0.00436	-4					-0.00436	-0.06	
			-0.004356	-4					-0.004356	-0.064	
			-0.004352	-4					-0.004352	-0.064	
			-0.004348	-4					-0.004348	-0.068	
			-0.004344	-4					-0.004344	-0.064	
			-0.00434	-4					-0.00434	-0.068	
			-0.004336	-4					-0.004336	-0.072	
			-0.004332	-4					-0.004332	-0.076	
			-0.004328	-4					-0.004328	-0.072	
			-0.004324	-4					-0.004324	-0.072	
			-0.00432	-4					-0.00432	-0.076	
			-0.004316	-4					-0.004316	-0.076	
			-0.004312	-4					-0.004312	-0.076	
			-0.004308	-4					-0.004308	-0.08	
			-0.004304	-4					-0.004304	-0.084	
			-0.0043	-4					-0.0043	-0.084	
			-0.004296	-4					-0.004296	-0.08	
			-0.004292	-4					-0.004292	-0.08	
			-0.004288	-4					-0.004288	-0.088	
			-0.004284	-4					-0.004284	-0.08	
			-0.00428	-4					-0.00428	-0.084	
			-0.004276	-4					-0.004276	-0.092	
			-0.004272	-4					-0.004272	-0.088	
			-0.004268	-4					-0.004268	-0.092	
			-0.004264	-4					-0.004264	-0.092	
			-0.00426	-4					-0.00426	-0.096	
			-0.004256	-4					-0.004256	-0.096	
			-0.004252	-4					-0.004252	-0.096	
			-0.004248	-4					-0.004248	-0.092	
			-0.004244	-4					-0.004244	-0.1	
			-0.00424	-4					-0.00424	-0.096	
			-0.004236	-4					-0.004236	-0.1	
			-0.004232	-4					-0.004232	-0.104	
			-0.004228	-4					-0.004228	-0.1	
			-0.004224	-4					-0.004224	-0.104	
			-0.00422	-4					-0.00422	-0.104	
			-0.004216	-4					-0.004216	-0.108	
			-0.004212	-4					-0.004212	-0.104	
			-0.004208	-4					-0.004208	-0.108	
			-0.004204	-4					-0.004204	-0.108	
			-0.0042	-4					-0.0042	-0.108	
			-0.004196	-4					-0.004196	-0.112	
			-0.004192	-4					-0.004192	-0.112	
			-0.004188	-3.92					-0.004188	-0.112	
			-0.004184	-4					-0.004184	-0.112	
			-0.00418	-4					-0.00418	-0.116	
			-0.004176	-4					-0.004176	-0.112	
			-0.004172	-4					-0.004172	-0.116	
			-0.004168	-4					-0.004168	-0.12	
			-0.004164	-4					-0.004164	-0.116	
			-0.00416	-4					-0.00416	-0.12	
			-0.004156	-4					-0.004156	-0.12	
			-0.004152	-4					-0.004152	-0.124	
			-0.004148	-3.92					-0.004148	-0.124	
			-0.004144	-4					-0.004144	-0.12	
			-0.00414	-4					-0.00414	-0.128	
			-0.004136	-4					-0.004136	-0.132	
			-0.004132	-3.92					-0.004132	-0.128	
			-0.004128	-4					-0.004128	-0.128	
			-0.004124	-3.92					-0.004124	-0.128	
			-0.00412	-4					-0.00412	-0.132	
			-0.004116	-3.92					-0.004116	-0.136	
			-0.004112	-4					-0.004112	-0.132	
			-0.004108	-4					-0.004108	-0.136	
			-0.004104	-4					-0.004104	-0.14	
			-0.0041	-4					-0.0041	-0.136	
			-0.004096	-4					-0.004096	-0.136	
			-0.004092	-4					-0.004092	-0.14	
			-0.004088	-3.92					-0.004088	-0.14	
			-0.004084	-4					-0.004084	-0.14	
			-0.00408	-4					-0.00408	-0.144	
			-0.004076	-4					-0.004076	-0.144	
			-0.004072	-4					-0.004072	-0.144	
			-0.004068	-4					-0.004068	-0.144	
			-0.004064	-4					-0.004064	-0.144	
			-0.00406	-3.92					-0.00406	-0.148	
			-0.004056	-4					-0.004056	-0.144	
			-0.004052	-3.92					-0.004052	-0.152	
			-0.004048	-3.92					-0.004048	-0.152	
			-0.004044	-3.92					-0.004044	-0.148	
			-0.00404	-3.92					-0.00404	-0.152	
			-0.004036	-4					-0.004036	-0.148	
			-0.004032	-3.92					-0.004032	-0.152	
			-0.004028	-3.92					-0.004028	-0.156	
			-0.004024	-3.92					-0.004024	-0.156	
			-0.00402	-3.92					-0.00402	-0.16	
			-0.004016	-4					-0.004016	-0.156	
			-0.004012	-4					-0.004012	-0.156	
			-0.004008	-4					-0.004008	-0.164	
			-0.004004	-4					-0.004004	-0.16	
			-0.004	-3.92					-0.004	-0.16	
			-0.003996	-4					-0.003996	-0.16	
			-0.003992	-3.92					-0.003992	-0.16	
			-0.003988	-4					-0.003988	-0.164	
			-0.003984	-4					-0.003984	-0.168	
			-0.00398	-4					-0.00398	-0.164	
			-0.003976	-3.92					-0.003976	-0.164	
			-0.003972	-3.92					-0.003972	-0.168	
			-0.003968	-3.92					-0.003968	-0.168	
			-0.003964	-4					-0.003964	-0.164	
			-0.00396	-4					-0.00396	-0.164	
			-0.003956	-3.92					-0.003956	-0.172	
			-0.003952	-3.92					-0.003952	-0.172	
			-0.003948	-3.92					-0.003948	-0.172	
			-0.003944	-3.92					-0.003944	-0.168	
			-0.00394	-3.92					-0.00394	-0.172	
			-0.003936	-3.92					-0.003936	-0.172	
			-0.003932	-3.92					-0.003932	-0.176	
			-0.003928	-3.92					-0.003928	-0.176	
			-0.003924	-3.92					-0.003924	-0.176	
			-0.00392	-3.92					-0.00392	-0.172	
			-0.003916	-3.92					-0.003916	-0.18	
			-0.003912	-3.92					-0.003912	-0.184	
			-0.003908	-3.92					-0.003908	-0.18	
			-0.003904	-3.92					-0.003904	-0.176	
			-0.0039	-3.92					-0.0039	-0.18	
			-0.003896	-3.92					-0.003896	-0.18	
			-0.003892	-3.92					-0.003892	-0.18	
			-0.003888	-3.92					-0.003888	-0.184	
			-0.003884	-3.92					-0.003884	-0.18	
			-0.00388	-3.92					-0.00388	-0.188	
			-0.003876	-3.92					-0.003876	-0.188	
			-0.003872	-3.92					-0.003872	-0.184	
			-0.003868	-3.92					-0.003868	-0.184	
			-0.003864	-3.92					-0.003864	-0.192	
			-0.00386	-3.92					-0.00386	-0.188	
			-0.003856	-3.92					-0.003856	-0.188	
			-0.003852	-3.92					-0.003852	-0.192	
			-0.003848	-3.92					-0.003848	-0.188	
			-0.003844	-3.92					-0.003844	-0.192	
			-0.00384	-3.92					-0.00384	-0.196	
			-0.003836	-3.92					-0.003836	-0.192	
			-0.003832	-3.92					-0.003832	-0.192	
			-0.003828	-3.92					-0.003828	-0.196	
			-0.003824	-3.92					-0.003824	-0.196	
			-0.00382	-3.92					-0.00382	-0.2	
			-0.003816	-3.92					-0.003816	-0.2	
			-0.003812	-3.92					-0.003812	-0.192	
			-0.003808	-3.92					-0.003808	-0.196	
			-0.003804	-3.92					-0.003804	-0.196	
			-0.0038	-3.92					-0.0038	-0.2	
			-0.003796	-3.92					-0.003796	-0.2	
			-0.003792	-3.92					-0.003792	-0.2	
			-0.003788	-3.92					-0.003788	-0.204	
			-0.003784	-3.92					-0.003784	-0.208	
			-0.00378	-3.92					-0.00378	-0.2	
			-0.003776	-3.92					-0.003776	-0.2	
			-0.003772	-3.92					-0.003772	-0.208	
			-0.003768	-3.92					-0.003768	-0.208	
			-0.003764	-3.92					-0.003764	-0.204	
			-0.00376	-3.92					-0.00376	-0.204	
			-0.003756	-3.92					-0.003756	-0.204	
			-0.003752	-3.92					-0.003752	-0.208	
			-0.003748	-3.92					-0.003748	-0.208	
			-0.003744	-3.92					-0.003744	-0.2	
			-0.00374	-3.92					-0.00374	-0.212	
			-0.003736	-3.92					-0.003736	-0.212	
			-0.003732	-3.92					-0.003732	-0.212	
			-0.003728	-3.92					-0.003728	-0.212	
			-0.003724	-3.92					-0.003724	-0.208	
			-0.00372	-3.92					-0.00372	-0.212	
			-0.003716	-3.92					-0.003716	-0.216	
			-0.003712	-3.92					-0.003712	-0.212	
			-0.003708	-3.92					-0.003708	-0.212	
			-0.003704	-3.92					-0.003704	-0.216	
			-0.0037	-3.92					-0.0037	-0.216	
			-0.003696	-3.92					-0.003696	-0.216	
			-0.003692	-3.92					-0.003692	-0.212	
			-0.003688	-3.92					-0.003688	-0.22	
			-0.003684	-3.92					-0.003684	-0.216	
			-0.00368	-3.92					-0.00368	-0.216	
			-0.003676	-3.92					-0.003676	-0.216	
			-0.003672	-3.92					-0.003672	-0.224	
			-0.003668	-3.92					-0.003668	-0.22	
			-0.003664	-3.92					-0.003664	-0.22	
			-0.00366	-3.92					-0.00366	-0.216	
			-0.003656	-3.92					-0.003656	-0.224	
			-0.003652	-3.92					-0.003652	-0.228	
			-0.003648	-3.92					-0.003648	-0.224	
			-0.003644	-3.92					-0.003644	-0.224	
			-0.00364	-3.92					-0.00364	-0.224	
			-0.003636	-3.92					-0.003636	-0.228	
			-0.003632	-3.92					-0.003632	-0.228	
			-0.003628	-3.92					-0.003628	-0.224	
			-0.003624	-3.92					-0.003624	-0.232	
			-0.00362	-3.92					-0.00362	-0.228	
			-0.003616	-3.92					-0.003616	-0.228	
			-0.003612	-3.92					-0.003612	-0.228	
			-0.003608	-3.92					-0.003608	-0.228	
			-0.003604	-3.92					-0.003604	-0.228	
			-0.0036	-3.92					-0.0036	-0.232	
			-0.003596	-3.84					-0.003596	-0.228	
			-0.003592	-3.92					-0.003592	-0.232	
			-0.003588	-3.92					-0.003588	-0.232	
			-0.003584	-3.92					-0.003584	-0.232	
			-0.00358	-3.84					-0.00358	-0.232	
			-0.003576	-3.84					-0.003576	-0.232	
			-0.003572	-3.92					-0.003572	-0.236	
			-0.003568	-3.84					-0.003568	-0.236	
			-0.003564	-3.84					-0.003564	-0.232	
			-0.00356	-3.92					-0.00356	-0.236	
			-0.003556	-3.84					-0.003556	-0.236	
			-0.003552	-3.84					-0.003552	-0.236	
			-0.003548	-3.84					-0.003548	-0.236	
			-0.003544	-3.92					-0.003544	-0.236	
			-0.00354	-3.84					-0.00354	-0.24	
			-0.003536	-3.84					-0.003536	-0.24	
			-0.003532	-3.92					-0.003532	-0.236	
			-0.003528	-3.92					-0.003528	-0.24	
			-0.003524	-3.84					-0.003524	-0.244	
			-0.00352	-3.84					-0.00352	-0.244	
			-0.003516	-3.84					-0.003516	-0.236	
			-0.003512	-3.92					-0.003512	-0.244	
			-0.003508	-3.84					-0.003508	-0.24	
			-0.003504	-3.84					-0.003504	-0.24	
			-0.0035	-3.92					-0.0035	-0.244	
			-0.003496	-3.84					-0.003496	-0.244	
			-0.003492	-3.84					-0.003492	-0.24	
			-0.003488	-3.84					-0.003488	-0.244	
			-0.003484	-3.84					-0.003484	-0.244	
			-0.00348	-3.84					-0.00348	-0.244	
			-0.003476	-3.84					-0.003476	-0.248	
			-0.003472	-3.92					-0.003472	-0.244	
			-0.003468	-3.84					-0.003468	-0.24	
			-0.003464	-3.84					-0.003464	-0.248	
			-0.00346	-3.92					-0.00346	-0.244	
			-0.003456	-3.84					-0.003456	-0.244	
			-0.003452	-3.84					-0.003452	-0.244	
			-0.003448	-3.84					-0.003448	-0.248	
			-0.003444	-3.84					-0.003444	-0.248	
			-0.00344	-3.92					-0.00344	-0.248	
			-0.003436	-3.84					-0.003436	-0.248	
			-0.003432	-3.84					-0.003432	-0.252	
			-0.003428	-3.84					-0.003428	-0.252	
			-0.003424	-3.84					-0.003424	-0.248	
			-0.00342	-3.84					-0.00342	-0.252	
			-0.003416	-3.84					-0.003416	-0.252	
			-0.003412	-3.84					-0.003412	-0.248	
			-0.003408	-3.84					-0.003408	-0.248	
			-0.003404	-3.84					-0.003404	-0.256	
			-0.0034	-3.84					-0.0034	-0.252	
			-0.003396	-3.84					-0.003396	-0.252	
			-0.003392	-3.84					-0.003392	-0.252	
			-0.003388	-3.84					-0.003388	-0.252	
			-0.003384	-3.84					-0.003384	-0.256	
			-0.00338	-3.84					-0.00338	-0.256	
			-0.003376	-3.84					-0.003376	-0.26	
			-0.003372	-3.84					-0.003372	-0.256	
			-0.003368	-3.84					-0.003368	-0.252	
			-0.003364	-3.84					-0.003364	-0.256	
			-0.00336	-3.84					-0.00336	-0.252	
			-0.003356	-3.84					-0.003356	-0.256	
			-0.003352	-3.84					-0.003352	-0.26	
			-0.003348	-3.84					-0.003348	-0.264	
			-0.003344	-3.84					-0.003344	-0.264	
			-0.00334	-3.84					-0.00334	-0.26	
			-0.003336	1.84					-0.003336	-0.252	
			-0.003332	4.32					-0.003332	-0.256	
			-0.003328	4.08					-0.003328	-0.252	
			-0.003324	4.08					-0.003324	-0.248	
			-0.00332	4.08					-0.00332	-0.248	
			-0.003316	4.08					-0.003316	-0.244	
			-0.003312	4.08					-0.003312	-0.24	
			-0.003308	4.08					-0.003308	-0.232	
			-0.003304	4.08					-0.003304	-0.232	
			-0.0033	4.08					-0.0033	-0.228	
			-0.003296	4.08					-0.003296	-0.224	
			-0.003292	4.08					-0.003292	-0.224	
			-0.003288	4.08					-0.003288	-0.224	
			-0.003284	4.08					-0.003284	-0.22	
			-0.00328	4.08					-0.00328	-0.212	
			-0.003276	4.08					-0.003276	-0.216	
			-0.003272	4.08					-0.003272	-0.208	
			-0.003268	4.08					-0.003268	-0.204	
			-0.003264	4.08					-0.003264	-0.204	
			-0.00326	4.08					-0.00326	-0.204	
			-0.003256	4.08					-0.003256	-0.204	
			-0.003252	4.08					-0.003252	-0.196	
			-0.003248	4.08					-0.003248	-0.188	
			-0.003244	4.08					-0.003244	-0.192	
			-0.00324	4.08					-0.00324	-0.192	
			-0.003236	4.08					-0.003236	-0.184	
			-0.003232	4.08					-0.003232	-0.18	
			-0.003228	4.08					-0.003228	-0.18	
			-0.003224	4.08					-0.003224	-0.18	
			-0.00322	4.08					-0.00322	-0.184	
			-0.003216	4.08					-0.003216	-0.176	
			-0.003212	4.08					-0.003212	-0.172	
			-0.003208	4.08					-0.003208	-0.172	
			-0.003204	4.08					-0.003204	-0.168	
			-0.0032	4.08					-0.0032	-0.164	
			-0.003196	4.08					-0.003196	-0.16	
			-0.003192	4.08					-0.003192	-0.156	
			-0.003188	4.08					-0.003188	-0.16	
			-0.003184	4.08					-0.003184	-0.16	
			-0.00318	4.08					-0.00318	-0.156	
			-0.003176	4.08					-0.003176	-0.148	
			-0.003172	4.08					-0.003172	-0.148	
			-0.003168	4.08					-0.003168	-0.144	
			-0.003164	4.08					-0.003164	-0.148	
			-0.00316	4.08					-0.00316	-0.14	
			-0.003156	4.08					-0.003156	-0.14	
			-0.003152	4.08					-0.003152	-0.14	
			-0.003148	4.08					-0.003148	-0.14	
			-0.003144	4.08					-0.003144	-0.132	
			-0.00314	4.08					-0.00314	-0.124	
			-0.003136	4.08					-0.003136	-0.132	
			-0.003132	4.08					-0.003132	-0.124	
			-0.003128	4.08					-0.003128	-0.124	
			-0.003124	4.08					-0.003124	-0.12	
			-0.00312	4.08					-0.00312	-0.12	
			-0.003116	4.08					-0.003116	-0.12	
			-0.003112	4.08					-0.003112	-0.116	
			-0.003108	4.08					-0.003108	-0.108	
			-0.003104	4.08					-0.003104	-0.112	
			-0.0031	4.08					-0.0031	-0.112	
			-0.003096	4.08					-0.003096	-0.108	
			-0.003092	4.08					-0.003092	-0.1	
			-0.003088	4.08					-0.003088	-0.104	
			-0.003084	4.08					-0.003084	-0.1	
			-0.00308	4.08					-0.00308	-0.1	
			-0.003076	4.08					-0.003076	-0.1	
			-0.003072	4.08					-0.003072	-0.096	
			-0.003068	4.08					-0.003068	-0.092	
			-0.003064	4.08					-0.003064	-0.092	
			-0.00306	4.08					-0.00306	-0.088	
			-0.003056	4.08					-0.003056	-0.084	
			-0.003052	4.08					-0.003052	-0.08	
			-0.003048	4.08					-0.003048	-0.076	
			-0.003044	4.08					-0.003044	-0.08	
			-0.00304	4.08					-0.00304	-0.08	
			-0.003036	4.08					-0.003036	-0.076	
			-0.003032	4.08					-0.003032	-0.072	
			-0.003028	4.08					-0.003028	-0.072	
			-0.003024	4.08					-0.003024	-0.068	
			-0.00302	4.08					-0.00302	-0.068	
			-0.003016	4.08					-0.003016	-0.064	
			-0.003012	4.08					-0.003012	-0.06	
			-0.003008	4.08					-0.003008	-0.06	
			-0.003004	4.08					-0.003004	-0.06	
			-0.003	4.08					-0.003	-0.06	
			-0.002996	4.08					-0.002996	-0.06	
			-0.002992	4.08					-0.002992	-0.056	
			-0.002988	4.08					-0.002988	-0.048	
			-0.002984	4.08					-0.002984	-0.052	
			-0.00298	4.08					-0.00298	-0.052	
			-0.002976	4.08					-0.002976	-0.048	
			-0.002972	4.08					-0.002972	-0.044	
			-0.002968	4.08					-0.002968	-0.048	
			-0.002964	4.08					-0.002964	-0.044	
			-0.00296	4.08					-0.00296	-0.044	
			-0.002956	4.08					-0.002956	-0.04	
			-0.002952	4.08					-0.002952	-0.036	
			-0.002948	4.08					-0.002948	-0.036	
			-0.002944	4.08					-0.002944	-0.032	
			-0.00294	4.08					-0.00294	-0.028	
			-0.002936	4.08					-0.002936	-0.028	
			-0.002932	4.08					-0.002932	-0.028	
			-0.002928	4.08					-0.002928	-0.02	
			-0.002924	4.08					-0.002924	-0.024	
			-0.00292	4.08					-0.00292	-0.02	
			-0.002916	4.08					-0.002916	-0.016	
			-0.002912	4.08					-0.002912	-0.016	
			-0.002908	4.08					-0.002908	-0.012	
			-0.002904	4.08					-0.002904	-0.016	
			-0.0029	4.08					-0.0029	-0.012	
			-0.002896	4.08					-0.002896	-0.012	
			-0.002892	4.08					-0.002892	-0.008	
			-0.002888	4.08					-0.002888	-0.008	
			-0.002884	4.08					-0.002884	-0.004	
			-0.00288	4.08					-0.00288	-0.004	
			-0.002876	4.08					-0.002876	0	
			-0.002872	4.08					-0.002872	-0.004	
			-0.002868	4.08					-0.002868	0	
			-0.002864	4.08					-0.002864	0.004	
			-0.00286	4.08					-0.00286	0	
			-0.002856	4.08					-0.002856	0.004	
			-0.002852	4.08					-0.002852	0.012	
			-0.002848	4.08					-0.002848	0.012	
			-0.002844	4.08					-0.002844	0.012	
			-0.00284	4.08					-0.00284	0.008	
			-0.002836	4.08					-0.002836	0.008	
			-0.002832	4.08					-0.002832	0.016	
			-0.002828	4.08					-0.002828	0.012	
			-0.002824	4.08					-0.002824	0.02	
			-0.00282	4.08					-0.00282	0.02	
			-0.002816	4.08					-0.002816	0.02	
			-0.002812	4.08					-0.002812	0.024	
			-0.002808	4.08					-0.002808	0.024	
			-0.002804	4.08					-0.002804	0.032	
			-0.0028	4.08					-0.0028	0.028	
			-0.002796	4.08					-0.002796	0.028	
			-0.002792	4.08					-0.002792	0.028	
			-0.002788	4.08					-0.002788	0.036	
			-0.002784	4.08					-0.002784	0.032	
			-0.00278	4.08					-0.00278	0.036	
			-0.002776	4.08					-0.002776	0.036	
			-0.002772	4					-0.002772	0.04	
			-0.002768	4.08					-0.002768	0.036	
			-0.002764	4.08					-0.002764	0.036	
			-0.00276	4.08					-0.00276	0.044	
			-0.002756	4.08					-0.002756	0.044	
			-0.002752	4.08					-0.002752	0.044	
			-0.002748	4.08					-0.002748	0.044	
			-0.002744	4.08					-0.002744	0.044	
			-0.00274	4.08					-0.00274	0.048	
			-0.002736	4.08					-0.002736	0.056	
			-0.002732	4.08					-0.002732	0.056	
			-0.002728	4.08					-0.002728	0.056	
			-0.002724	4.08					-0.002724	0.052	
			-0.00272	4.08					-0.00272	0.056	
			-0.002716	4.08					-0.002716	0.06	
			-0.002712	4.08					-0.002712	0.064	
			-0.002708	4.08					-0.002708	0.064	
			-0.002704	4.08					-0.002704	0.06	
			-0.0027	4.08					-0.0027	0.068	
			-0.002696	4.08					-0.002696	0.068	
			-0.002692	4.08					-0.002692	0.068	
			-0.002688	4.08					-0.002688	0.064	
			-0.002684	4.08					-0.002684	0.072	
			-0.00268	4.08					-0.00268	0.072	
			-0.002676	4.08					-0.002676	0.076	
			-0.002672	4.08					-0.002672	0.072	
			-0.002668	4.08					-0.002668	0.076	
			-0.002664	4.08					-0.002664	0.072	
			-0.00266	4.08					-0.00266	0.08	
			-0.002656	4.08					-0.002656	0.076	
			-0.002652	4.08					-0.002652	0.076	
			-0.002648	4.08					-0.002648	0.08	
			-0.002644	4.08					-0.002644	0.084	
			-0.00264	4					-0.00264	0.08	
			-0.002636	4.08					-0.002636	0.08	
			-0.002632	4.08					-0.002632	0.084	
			-0.002628	4.08					-0.002628	0.088	
			-0.002624	4					-0.002624	0.088	
			-0.00262	4.08					-0.00262	0.088	
			-0.002616	4.08					-0.002616	0.088	
			-0.002612	4.08					-0.002612	0.092	
			-0.002608	4.08					-0.002608	0.088	
			-0.002604	4.08					-0.002604	0.096	
			-0.0026	4.08					-0.0026	0.096	
			-0.002596	4.08					-0.002596	0.096	
			-0.002592	4					-0.002592	0.096	
			-0.002588	4.08					-0.002588	0.096	
			-0.002584	4					-0.002584	0.104	
			-0.00258	4					-0.00258	0.1	
			-0.002576	4.08					-0.002576	0.104	
			-0.002572	4.08					-0.002572	0.1	
			-0.002568	4.08					-0.002568	0.1	
			-0.002564	4.08					-0.002564	0.104	
			-0.00256	4.08					-0.00256	0.108	
			-0.002556	4.08					-0.002556	0.104	
			-0.002552	4.08					-0.002552	0.112	
			-0.002548	4.08					-0.002548	0.112	
			-0.002544	4.08					-0.002544	0.112	
			-0.00254	4.08					-0.00254	0.112	
			-0.002536	4.08					-0.002536	0.112	
			-0.002532	4.08					-0.002532	0.116	
			-0.002528	4.08					-0.002528	0.12	
			-0.002524	4					-0.002524	0.112	
			-0.00252	4.08					-0.00252	0.116	
			-0.002516	4.08					-0.002516	0.12	
			-0.002512	4.08					-0.002512	0.12	
			-0.002508	4					-0.002508	0.12	
			-0.002504	4.08					-0.002504	0.124	
			-0.0025	4.08					-0.0025	0.124	
			-0.002496	4					-0.002496	0.124	
			-0.002492	4					-0.002492	0.124	
			-0.002488	4.08					-0.002488	0.132	
			-0.002484	4					-0.002484	0.124	
			-0.00248	4					-0.00248	0.132	
			-0.002476	4.08					-0.002476	0.128	
			-0.002472	4					-0.002472	0.132	
			-0.002468	4					-0.002468	0.132	
			-0.002464	4					-0.002464	0.132	
			-0.00246	4.08					-0.00246	0.136	
			-0.002456	4					-0.002456	0.136	
			-0.002452	4					-0.002452	0.136	
			-0.002448	4.08					-0.002448	0.136	
			-0.002444	4.08					-0.002444	0.14	
			-0.00244	4					-0.00244	0.136	
			-0.002436	4					-0.002436	0.14	
			-0.002432	4					-0.002432	0.14	
			-0.002428	4					-0.002428	0.14	
			-0.002424	4					-0.002424	0.136	
			-0.00242	4					-0.00242	0.144	
			-0.002416	4					-0.002416	0.14	
			-0.002412	4					-0.002412	0.14	
			-0.002408	4					-0.002408	0.148	
			-0.002404	4					-0.002404	0.152	
			-0.0024	4					-0.0024	0.148	
			-0.002396	4					-0.002396	0.148	
			-0.002392	4					-0.002392	0.148	
			-0.002388	4					-0.002388	0.152	
			-0.002384	4					-0.002384	0.152	
			-0.00238	4					-0.00238	0.152	
			-0.002376	4					-0.002376	0.152	
			-0.002372	4					-0.002372	0.152	
			-0.002368	4.08					-0.002368	0.156	
			-0.002364	4					-0.002364	0.16	
			-0.00236	4					-0.00236	0.156	
			-0.002356	4					-0.002356	0.16	
			-0.002352	4					-0.002352	0.164	
			-0.002348	4					-0.002348	0.164	
			-0.002344	4					-0.002344	0.16	
			-0.00234	4					-0.00234	0.16	
			-0.002336	4					-0.002336	0.164	
			-0.002332	4					-0.002332	0.16	
			-0.002328	4					-0.002328	0.164	
			-0.002324	4					-0.002324	0.172	
			-0.00232	4					-0.00232	0.164	
			-0.002316	4					-0.002316	0.168	
			-0.002312	4					-0.002312	0.164	
			-0.002308	4					-0.002308	0.168	
			-0.002304	4					-0.002304	0.168	
			-0.0023	4					-0.0023	0.168	
			-0.002296	4					-0.002296	0.172	
			-0.002292	4					-0.002292	0.172	
			-0.002288	4					-0.002288	0.172	
			-0.002284	4					-0.002284	0.172	
			-0.00228	4					-0.00228	0.18	
			-0.002276	4					-0.002276	0.176	
			-0.002272	4					-0.002272	0.172	
			-0.002268	4					-0.002268	0.172	
			-0.002264	4					-0.002264	0.18	
			-0.00226	4					-0.00226	0.18	
			-0.002256	4					-0.002256	0.18	
			-0.002252	4					-0.002252	0.184	
			-0.002248	4					-0.002248	0.18	
			-0.002244	4					-0.002244	0.176	
			-0.00224	4					-0.00224	0.18	
			-0.002236	4					-0.002236	0.184	
			-0.002232	4					-0.002232	0.188	
			-0.002228	4					-0.002228	0.184	
			-0.002224	4					-0.002224	0.184	
			-0.00222	4					-0.00222	0.188	
			-0.002216	4					-0.002216	0.196	
			-0.002212	4					-0.002212	0.184	
			-0.002208	4					-0.002208	0.188	
			-0.002204	4					-0.002204	0.192	
			-0.0022	4					-0.0022	0.192	
			-0.002196	4					-0.002196	0.196	
			-0.002192	4					-0.002192	0.196	
			-0.002188	4					-0.002188	0.192	
			-0.002184	4					-0.002184	0.192	
			-0.00218	4					-0.00218	0.192	
			-0.002176	4					-0.002176	0.192	
			-0.002172	4					-0.002172	0.2	
			-0.002168	4					-0.002168	0.192	
			-0.002164	4					-0.002164	0.196	
			-0.00216	4					-0.00216	0.196	
			-0.002156	4					-0.002156	0.2	
			-0.002152	4					-0.002152	0.2	
			-0.002148	4					-0.002148	0.2	
			-0.002144	4					-0.002144	0.196	
			-0.00214	4					-0.00214	0.204	
			-0.002136	4					-0.002136	0.208	
			-0.002132	4					-0.002132	0.204	
			-0.002128	4					-0.002128	0.2	
			-0.002124	4					-0.002124	0.204	
			-0.00212	4					-0.00212	0.204	
			-0.002116	4					-0.002116	0.208	
			-0.002112	4					-0.002112	0.208	
			-0.002108	4					-0.002108	0.212	
			-0.002104	4					-0.002104	0.208	
			-0.0021	4					-0.0021	0.208	
			-0.002096	4					-0.002096	0.212	
			-0.002092	4					-0.002092	0.212	
			-0.002088	4					-0.002088	0.212	
			-0.002084	4					-0.002084	0.208	
			-0.00208	4					-0.00208	0.212	
			-0.002076	4					-0.002076	0.212	
			-0.002072	4					-0.002072	0.212	
			-0.002068	4					-0.002068	0.216	
			-0.002064	4					-0.002064	0.216	
			-0.00206	4					-0.00206	0.212	
			-0.002056	3.92					-0.002056	0.212	
			-0.002052	4					-0.002052	0.216	
			-0.002048	4					-0.002048	0.216	
			-0.002044	4					-0.002044	0.22	
			-0.00204	4					-0.00204	0.22	
			-0.002036	4					-0.002036	0.216	
			-0.002032	4					-0.002032	0.22	
			-0.002028	3.92					-0.002028	0.22	
			-0.002024	4					-0.002024	0.224	
			-0.00202	4					-0.00202	0.224	
			-0.002016	4					-0.002016	0.22	
			-0.002012	4					-0.002012	0.22	
			-0.002008	4					-0.002008	0.224	
			-0.002004	4					-0.002004	0.228	
			-0.002	3.92					-0.002	0.228	
			-0.001996	3.92					-0.001996	0.224	
			-0.001992	4					-0.001992	0.228	
			-0.001988	3.92					-0.001988	0.228	
			-0.001984	3.92					-0.001984	0.228	
			-0.00198	4					-0.00198	0.224	
			-0.001976	4					-0.001976	0.232	
			-0.001972	4					-0.001972	0.232	
			-0.001968	4					-0.001968	0.232	
			-0.001964	4					-0.001964	0.224	
			-0.00196	3.92					-0.00196	0.228	
			-0.001956	3.92					-0.001956	0.232	
			-0.001952	3.92					-0.001952	0.232	
			-0.001948	3.92					-0.001948	0.232	
			-0.001944	3.92					-0.001944	0.232	
			-0.00194	3.92					-0.00194	0.232	
			-0.001936	3.92					-0.001936	0.232	
			-0.001932	3.92					-0.001932	0.236	
			-0.001928	3.92					-0.001928	0.236	
			-0.001924	3.92					-0.001924	0.232	
			-0.00192	4					-0.00192	0.232	
			-0.001916	3.92					-0.001916	0.232	
			-0.001912	4					-0.001912	0.24	
			-0.001908	3.92					-0.001908	0.244	
			-0.001904	3.92					-0.001904	0.236	
			-0.0019	3.92					-0.0019	0.236	
			-0.001896	3.92					-0.001896	0.24	
			-0.001892	3.92					-0.001892	0.244	
			-0.001888	3.92					-0.001888	0.24	
			-0.001884	3.92					-0.001884	0.236	
			-0.00188	3.92					-0.00188	0.24	
			-0.001876	3.92					-0.001876	0.24	
			-0.001872	3.92					-0.001872	0.244	
			-0.001868	3.92					-0.001868	0.244	
			-0.001864	3.92					-0.001864	0.244	
			-0.00186	3.92					-0.00186	0.24	
			-0.001856	3.92					-0.001856	0.248	
			-0.001852	3.92					-0.001852	0.244	
			-0.001848	3.92					-0.001848	0.244	
			-0.001844	3.92					-0.001844	0.248	
			-0.00184	3.92					-0.00184	0.248	
			-0.001836	3.92					-0.001836	0.248	
			-0.001832	3.92					-0.001832	0.248	
			-0.001828	3.92					-0.001828	0.248	
			-0.001824	3.92					-0.001824	0.248	
			-0.00182	3.92					-0.00182	0.244	
			-0.001816	3.92					-0.001816	0.252	
			-0.001812	3.92					-0.001812	0.252	
			-0.001808	3.92					-0.001808	0.248	
			-0.001804	3.92					-0.001804	0.252	
			-0.0018	3.92					-0.0018	0.256	
			-0.001796	3.92					-0.001796	0.256	
			-0.001792	3.92					-0.001792	0.252	
			-0.001788	3.92					-0.001788	0.248	
			-0.001784	3.92					-0.001784	0.248	
			-0.00178	3.92					-0.00178	0.252	
			-0.001776	3.92					-0.001776	0.256	
			-0.001772	3.92					-0.001772	0.256	
			-0.001768	3.92					-0.001768	0.256	
			-0.001764	3.92					-0.001764	0.252	
			-0.00176	3.92					-0.00176	0.252	
			-0.001756	3.92					-0.001756	0.252	
			-0.001752	3.92					-0.001752	0.252	
			-0.001748	3.92					-0.001748	0.256	
			-0.001744	3.92					-0.001744	0.26	
			-0.00174	3.92					-0.00174	0.256	
			-0.001736	3.92					-0.001736	0.26	
			-0.001732	3.92					-0.001732	0.26	
			-0.001728	3.92					-0.001728	0.26	
			-0.001724	3.92					-0.001724	0.256	
			-0.00172	3.92					-0.00172	0.26	
			-0.001716	3.92					-0.001716	0.256	
			-0.001712	3.92					-0.001712	0.256	
			-0.001708	3.92					-0.001708	0.26	
			-0.001704	3.92					-0.001704	0.26	
			-0.0017	3.92					-0.0017	0.26	
			-0.001696	3.92					-0.001696	0.264	
			-0.001692	3.92					-0.001692	0.264	
			-0.001688	3.92					-0.001688	0.264	
			-0.001684	3.92					-0.001684	0.264	
			-0.00168	3.92					-0.00168	0.26	
			-0.001676	3.92					-0.001676	0.264	
			-0.001672	2.96					-0.001672	0.264	
			-0.001668	-4.24					-0.001668	0.264	
			-0.001664	-4.08					-0.001664	0.256	
			-0.00166	-4					-0.00166	0.26	
			-0.001656	-4					-0.001656	0.252	
			-0.001652	-4					-0.001652	0.252	
			-0.001648	-4					-0.001648	0.244	
			-0.001644	-4					-0.001644	0.24	
			-0.00164	-4					-0.00164	0.24	
			-0.001636	-4					-0.001636	0.24	
			-0.001632	-4					-0.001632	0.228	
			-0.001628	-4					-0.001628	0.224	
			-0.001624	-4					-0.001624	0.228	
			-0.00162	-4.08					-0.00162	0.228	
			-0.001616	-4.08					-0.001616	0.22	
			-0.001612	-4					-0.001612	0.216	
			-0.001608	-4					-0.001608	0.212	
			-0.001604	-4					-0.001604	0.216	
			-0.0016	-4					-0.0016	0.212	
			-0.001596	-4					-0.001596	0.212	
			-0.001592	-4					-0.001592	0.204	
			-0.001588	-4					-0.001588	0.204	
			-0.001584	-4					-0.001584	0.2	
			-0.00158	-4					-0.00158	0.196	
			-0.001576	-4					-0.001576	0.192	
			-0.001572	-4					-0.001572	0.192	
			-0.001568	-4					-0.001568	0.188	
			-0.001564	-4					-0.001564	0.184	
			-0.00156	-4					-0.00156	0.192	
			-0.001556	-4					-0.001556	0.18	
			-0.001552	-4					-0.001552	0.176	
			-0.001548	-4					-0.001548	0.176	
			-0.001544	-4					-0.001544	0.176	
			-0.00154	-4					-0.00154	0.176	
			-0.001536	-4					-0.001536	0.168	
			-0.001532	-4					-0.001532	0.164	
			-0.001528	-4					-0.001528	0.164	
			-0.001524	-4					-0.001524	0.164	
			-0.00152	-4					-0.00152	0.16	
			-0.001516	-4					-0.001516	0.164	
			-0.001512	-4					-0.001512	0.16	
			-0.001508	-4					-0.001508	0.152	
			-0.001504	-4.08					-0.001504	0.148	
			-0.0015	-4					-0.0015	0.148	
			-0.001496	-4					-0.001496	0.148	
			-0.001492	-4					-0.001492	0.144	
			-0.001488	-4					-0.001488	0.14	
			-0.001484	-4					-0.001484	0.14	
			-0.00148	-4					-0.00148	0.136	
			-0.001476	-4					-0.001476	0.14	
			-0.001472	-4					-0.001472	0.128	
			-0.001468	-4					-0.001468	0.128	
			-0.001464	-4					-0.001464	0.128	
			-0.00146	-4					-0.00146	0.128	
			-0.001456	-4					-0.001456	0.12	
			-0.001452	-4					-0.001452	0.12	
			-0.001448	-4					-0.001448	0.12	
			-0.001444	-4					-0.001444	0.12	
			-0.00144	-4					-0.00144	0.116	
			-0.001436	-4					-0.001436	0.112	
			-0.001432	-4					-0.001432	0.112	
			-0.001428	-4					-0.001428	0.112	
			-0.001424	-4					-0.001424	0.104	
			-0.00142	-4					-0.00142	0.104	
			-0.001416	-4					-0.001416	0.1	
			-0.001412	-4					-0.001412	0.1	
			-0.001408	-4					-0.001408	0.1	
			-0.001404	-4					-0.001404	0.096	
			-0.0014	-4					-0.0014	0.092	
			-0.001396	-4					-0.001396	0.1	
			-0.001392	-4					-0.001392	0.088	
			-0.001388	-4					-0.001388	0.088	
			-0.001384	-4					-0.001384	0.092	
			-0.00138	-4					-0.00138	0.084	
			-0.001376	-4					-0.001376	0.084	
			-0.001372	-4.08					-0.001372	0.076	
			-0.001368	-4					-0.001368	0.08	
			-0.001364	-4					-0.001364	0.08	
			-0.00136	-4					-0.00136	0.076	
			-0.001356	-4					-0.001356	0.076	
			-0.001352	-4					-0.001352	0.072	
			-0.001348	-4					-0.001348	0.072	
			-0.001344	-4					-0.001344	0.064	
			-0.00134	-4					-0.00134	0.064	
			-0.001336	-4					-0.001336	0.064	
			-0.001332	-4					-0.001332	0.06	
			-0.001328	-4					-0.001328	0.056	
			-0.001324	-4					-0.001324	0.06	
			-0.00132	-4					-0.00132	0.052	
			-0.001316	-4					-0.001316	0.052	
			-0.001312	-4					-0.001312	0.052	
			-0.001308	-4					-0.001308	0.048	
			-0.001304	-4					-0.001304	0.052	
			-0.0013	-4					-0.0013	0.048	
			-0.001296	-4					-0.001296	0.048	
			-0.001292	-4					-0.001292	0.044	
			-0.001288	-4					-0.001288	0.044	
			-0.001284	-4					-0.001284	0.044	
			-0.00128	-4					-0.00128	0.032	
			-0.001276	-4					-0.001276	0.036	
			-0.001272	-4					-0.001272	0.032	
			-0.001268	-4					-0.001268	0.036	
			-0.001264	-4					-0.001264	0.036	
			-0.00126	-4					-0.00126	0.032	
			-0.001256	-4					-0.001256	0.02	
			-0.001252	-4					-0.001252	0.024	
			-0.001248	-4					-0.001248	0.024	
			-0.001244	-4					-0.001244	0.024	
			-0.00124	-4					-0.00124	0.02	
			-0.001236	-4					-0.001236	0.024	
			-0.001232	-4					-0.001232	0.024	
			-0.001228	-4					-0.001228	0.016	
			-0.001224	-4					-0.001224	0.016	
			-0.00122	-4					-0.00122	0.012	
			-0.001216	-4					-0.001216	0.012	
			-0.001212	-4					-0.001212	0.012	
			-0.001208	-4					-0.001208	0.008	
			-0.001204	-4					-0.001204	0.004	
			-0.0012	-4					-0.0012	0.004	
			-0.001196	-4					-0.001196	0	
			-0.001192	-4					-0.001192	0	
			-0.001188	-4					-0.001188	0	
			-0.001184	-4					-0.001184	0	
			-0.00118	-4					-0.00118	-0.004	
			-0.001176	-4					-0.001176	-0.004	
			-0.001172	-4					-0.001172	-0.004	
			-0.001168	-4					-0.001168	-0.004	
			-0.001164	-4					-0.001164	-0.016	
			-0.00116	-4					-0.00116	-0.012	
			-0.001156	-4					-0.001156	-0.012	
			-0.001152	-4					-0.001152	-0.016	
			-0.001148	-4					-0.001148	-0.016	
			-0.001144	-4					-0.001144	-0.016	
			-0.00114	-4					-0.00114	-0.02	
			-0.001136	-4					-0.001136	-0.02	
			-0.001132	-4					-0.001132	-0.02	
			-0.001128	-4					-0.001128	-0.028	
			-0.001124	-4					-0.001124	-0.024	
			-0.00112	-4					-0.00112	-0.028	
			-0.001116	-4					-0.001116	-0.024	
			-0.001112	-4					-0.001112	-0.032	
			-0.001108	-4					-0.001108	-0.036	
			-0.001104	-4					-0.001104	-0.036	
			-0.0011	-4					-0.0011	-0.036	
			-0.001096	-4					-0.001096	-0.036	
			-0.001092	-4					-0.001092	-0.036	
			-0.001088	-4					-0.001088	-0.04	
			-0.001084	-4					-0.001084	-0.04	
			-0.00108	-4					-0.00108	-0.048	
			-0.001076	-4					-0.001076	-0.048	
			-0.001072	-4					-0.001072	-0.048	
			-0.001068	-4					-0.001068	-0.044	
			-0.001064	-4					-0.001064	-0.044	
			-0.00106	-4					-0.00106	-0.056	
			-0.001056	-4					-0.001056	-0.06	
			-0.001052	-4					-0.001052	-0.056	
			-0.001048	-4					-0.001048	-0.056	
			-0.001044	-4					-0.001044	-0.052	
			-0.00104	-4					-0.00104	-0.052	
			-0.001036	-4					-0.001036	-0.06	
			-0.001032	-4					-0.001032	-0.06	
			-0.001028	-4					-0.001028	-0.056	
			-0.001024	-4					-0.001024	-0.06	
			-0.00102	-4					-0.00102	-0.064	
			-0.001016	-4					-0.001016	-0.064	
			-0.001012	-4					-0.001012	-0.064	
			-0.001008	-4					-0.001008	-0.064	
			-0.001004	-4					-0.001004	-0.064	
			-0.001	-4					-0.001	-0.068	
			-0.000996	-4					-0.000996	-0.072	
			-0.000992	-4					-0.000992	-0.068	
			-0.000988	-4					-0.000988	-0.072	
			-0.000984	-4					-0.000984	-0.076	
			-0.00098	-4					-0.00098	-0.076	
			-0.000976	-4					-0.000976	-0.076	
			-0.000972	-4					-0.000972	-0.08	
			-0.000968	-4					-0.000968	-0.084	
			-0.000964	-4					-0.000964	-0.084	
			-0.00096	-4					-0.00096	-0.084	
			-0.000956	-4					-0.000956	-0.084	
			-0.000952	-4					-0.000952	-0.088	
			-0.000948	-4					-0.000948	-0.088	
			-0.000944	-4					-0.000944	-0.084	
			-0.00094	-4					-0.00094	-0.088	
			-0.000936	-4					-0.000936	-0.088	
			-0.000932	-4					-0.000932	-0.092	
			-0.000928	-4					-0.000928	-0.092	
			-0.000924	-4					-0.000924	-0.096	
			-0.00092	-4					-0.00092	-0.1	
			-0.000916	-4					-0.000916	-0.096	
			-0.000912	-4					-0.000912	-0.096	
			-0.000908	-4					-0.000908	-0.096	
			-0.000904	-4					-0.000904	-0.1	
			-0.0009	-4					-0.0009	-0.1	
			-0.000896	-4					-0.000896	-0.104	
			-0.000892	-4					-0.000892	-0.1	
			-0.000888	-4					-0.000888	-0.104	
			-0.000884	-4					-0.000884	-0.108	
			-0.00088	-4					-0.00088	-0.104	
			-0.000876	-4					-0.000876	-0.1	
			-0.000872	-4					-0.000872	-0.112	
			-0.000868	-4					-0.000868	-0.112	
			-0.000864	-4					-0.000864	-0.112	
			-0.00086	-4					-0.00086	-0.112	
			-0.000856	-4					-0.000856	-0.116	
			-0.000852	-4					-0.000852	-0.116	
			-0.000848	-4					-0.000848	-0.112	
			-0.000844	-4					-0.000844	-0.112	
			-0.00084	-4					-0.00084	-0.12	
			-0.000836	-4					-0.000836	-0.124	
			-0.000832	-4					-0.000832	-0.116	
			-0.000828	-3.92					-0.000828	-0.124	
			-0.000824	-4					-0.000824	-0.124	
			-0.00082	-4					-0.00082	-0.124	
			-0.000816	-4					-0.000816	-0.124	
			-0.000812	-3.92					-0.000812	-0.124	
			-0.000808	-4					-0.000808	-0.124	
			-0.000804	-4					-0.000804	-0.124	
			-0.0008	-4					-0.0008	-0.124	
			-0.000796	-4					-0.000796	-0.132	
			-0.000792	-4					-0.000792	-0.132	
			-0.000788	-4					-0.000788	-0.128	
			-0.000784	-4					-0.000784	-0.132	
			-0.00078	-4					-0.00078	-0.136	
			-0.000776	-4					-0.000776	-0.132	
			-0.000772	-4					-0.000772	-0.14	
			-0.000768	-3.92					-0.000768	-0.14	
			-0.000764	-4					-0.000764	-0.144	
			-0.00076	-4					-0.00076	-0.136	
			-0.000756	-3.92					-0.000756	-0.136	
			-0.000752	-4					-0.000752	-0.144	
			-0.000748	-4					-0.000748	-0.144	
			-0.000744	-3.92					-0.000744	-0.144	
			-0.00074	-4					-0.00074	-0.144	
			-0.000736	-4					-0.000736	-0.152	
			-0.000732	-4					-0.000732	-0.148	
			-0.000728	-4					-0.000728	-0.144	
			-0.000724	-3.92					-0.000724	-0.148	
			-0.00072	-4					-0.00072	-0.144	
			-0.000716	-4					-0.000716	-0.148	
			-0.000712	-4					-0.000712	-0.152	
			-0.000708	-4					-0.000708	-0.152	
			-0.000704	-4					-0.000704	-0.152	
			-0.0007	-3.92					-0.0007	-0.152	
			-0.000696	-4					-0.000696	-0.156	
			-0.000692	-4					-0.000692	-0.152	
			-0.000688	-4					-0.000688	-0.152	
			-0.000684	-4					-0.000684	-0.164	
			-0.00068	-3.92					-0.00068	-0.16	
			-0.000676	-3.92					-0.000676	-0.156	
			-0.000672	-4					-0.000672	-0.156	
			-0.000668	-3.92					-0.000668	-0.16	
			-0.000664	-4					-0.000664	-0.164	
			-0.00066	-4					-0.00066	-0.164	
			-0.000656	-3.92					-0.000656	-0.164	
			-0.000652	-4					-0.000652	-0.16	
			-0.000648	-4					-0.000648	-0.164	
			-0.000644	-4					-0.000644	-0.168	
			-0.00064	-4					-0.00064	-0.168	
			-0.000636	-4					-0.000636	-0.164	
			-0.000632	-3.92					-0.000632	-0.168	
			-0.000628	-4					-0.000628	-0.168	
			-0.000624	-4					-0.000624	-0.168	
			-0.00062	-3.92					-0.00062	-0.168	
			-0.000616	-3.92					-0.000616	-0.168	
			-0.000612	-4					-0.000612	-0.176	
			-0.000608	-3.92					-0.000608	-0.172	
			-0.000604	-4					-0.000604	-0.176	
			-0.0006	-3.92					-0.0006	-0.176	
			-0.000596	-3.92					-0.000596	-0.176	
			-0.000592	-3.92					-0.000592	-0.18	
			-0.000588	-3.92					-0.000588	-0.172	
			-0.000584	-3.92					-0.000584	-0.18	
			-0.00058	-3.92					-0.00058	-0.172	
			-0.000576	-3.92					-0.000576	-0.176	
			-0.000572	-3.92					-0.000572	-0.188	
			-0.000568	-3.92					-0.000568	-0.18	
			-0.000564	-3.92					-0.000564	-0.176	
			-0.00056	-3.92					-0.00056	-0.184	
			-0.000556	-3.92					-0.000556	-0.184	
			-0.000552	-3.92					-0.000552	-0.184	
			-0.000548	-3.92					-0.000548	-0.188	
			-0.000544	-3.92					-0.000544	-0.188	
			-0.00054	-3.92					-0.00054	-0.184	
			-0.000536	-3.92					-0.000536	-0.184	
			-0.000532	-3.92					-0.000532	-0.188	
			-0.000528	-3.92					-0.000528	-0.188	
			-0.000524	-3.92					-0.000524	-0.184	
			-0.00052	-3.92					-0.00052	-0.188	
			-0.000516	-3.92					-0.000516	-0.188	
			-0.000512	-3.92					-0.000512	-0.188	
			-0.000508	-3.92					-0.000508	-0.192	
			-0.000504	-3.92					-0.000504	-0.192	
			-0.0005	-3.92					-0.0005	-0.196	
			-0.000496	-3.92					-0.000496	-0.196	
			-0.000492	-3.92					-0.000492	-0.196	
			-0.000488	-3.92					-0.000488	-0.2	
			-0.000484	-3.92					-0.000484	-0.192	
			-0.00048	-3.92					-0.00048	-0.196	
			-0.000476	-3.92					-0.000476	-0.196	
			-0.000472	-3.92					-0.000472	-0.196	
			-0.000468	-3.92					-0.000468	-0.196	
			-0.000464	-3.92					-0.000464	-0.196	
			-0.00046	-3.92					-0.00046	-0.2	
			-0.000456	-3.92					-0.000456	-0.2	
			-0.000452	-3.92					-0.000452	-0.2	
			-0.000448	-3.92					-0.000448	-0.204	
			-0.000444	-3.92					-0.000444	-0.204	
			-0.00044	-3.92					-0.00044	-0.2	
			-0.000436	-3.92					-0.000436	-0.204	
			-0.000432	-3.92					-0.000432	-0.204	
			-0.000428	-3.92					-0.000428	-0.208	
			-0.000424	-3.92					-0.000424	-0.204	
			-0.00042	-3.92					-0.00042	-0.204	
			-0.000416	-3.92					-0.000416	-0.208	
			-0.000412	-3.92					-0.000412	-0.212	
			-0.000408	-3.92					-0.000408	-0.208	
			-0.000404	-3.92					-0.000404	-0.212	
			-0.0004	-3.92					-0.0004	-0.212	
			-0.000396	-3.92					-0.000396	-0.208	
			-0.000392	-3.92					-0.000392	-0.212	
			-0.000388	-3.92					-0.000388	-0.212	
			-0.000384	-3.92					-0.000384	-0.208	
			-0.00038	-3.92					-0.00038	-0.212	
			-0.000376	-3.92					-0.000376	-0.208	
			-0.000372	-3.92					-0.000372	-0.216	
			-0.000368	-3.92					-0.000368	-0.22	
			-0.000364	-3.92					-0.000364	-0.216	
			-0.00036	-3.92					-0.00036	-0.216	
			-0.000356	-3.92					-0.000356	-0.216	
			-0.000352	-3.92					-0.000352	-0.216	
			-0.000348	-3.92					-0.000348	-0.22	
			-0.000344	-3.92					-0.000344	-0.22	
			-0.00034	-3.92					-0.00034	-0.224	
			-0.000336	-3.92					-0.000336	-0.216	
			-0.000332	-3.92					-0.000332	-0.22	
			-0.000328	-3.92					-0.000328	-0.224	
			-0.000324	-3.92					-0.000324	-0.224	
			-0.00032	-3.92					-0.00032	-0.22	
			-0.000316	-3.92					-0.000316	-0.224	
			-0.000312	-3.92					-0.000312	-0.224	
			-0.000308	-3.92					-0.000308	-0.224	
			-0.000304	-3.92					-0.000304	-0.224	
			-0.0003	-3.92					-0.0003	-0.22	
			-0.000296	-3.92					-0.000296	-0.224	
			-0.000292	-3.92					-0.000292	-0.228	
			-0.000288	-3.92					-0.000288	-0.228	
			-0.000284	-3.92					-0.000284	-0.228	
			-0.00028	-3.92					-0.00028	-0.228	
			-0.000276	-3.92					-0.000276	-0.236	
			-0.000272	-3.92					-0.000272	-0.232	
			-0.000268	-3.92					-0.000268	-0.228	
			-0.000264	-3.92					-0.000264	-0.232	
			-0.00026	-3.84					-0.00026	-0.232	
			-0.000256	-3.92					-0.000256	-0.232	
			-0.000252	-3.84					-0.000252	-0.232	
			-0.000248	-3.84					-0.000248	-0.232	
			-0.000244	-3.92					-0.000244	-0.232	
			-0.00024	-3.92					-0.00024	-0.236	
			-0.000236	-3.92					-0.000236	-0.236	
			-0.000232	-3.84					-0.000232	-0.236	
			-0.000228	-3.92					-0.000228	-0.236	
			-0.000224	-3.92					-0.000224	-0.236	
			-0.00022	-3.84					-0.00022	-0.236	
			-0.000216	-3.92					-0.000216	-0.24	
			-0.000212	-3.84					-0.000212	-0.24	
			-0.000208	-3.84					-0.000208	-0.236	
			-0.000204	-3.84					-0.000204	-0.24	
			-0.0002	-3.84					-0.0002	-0.24	
			-0.000196	-3.92					-0.000196	-0.24	
			-0.000192	-3.84					-0.000192	-0.236	
			-0.000188	-3.84					-0.000188	-0.24	
			-0.000184	-3.84					-0.000184	-0.244	
			-0.00018	-3.92					-0.00018	-0.244	
			-0.000176	-3.84					-0.000176	-0.24	
			-0.000172	-3.92					-0.000172	-0.244	
			-0.000168	-3.84					-0.000168	-0.244	
			-0.000164	-3.92					-0.000164	-0.244	
			-0.00016	-3.84					-0.00016	-0.24	
			-0.000156	-3.84					-0.000156	-0.244	
			-0.000152	-3.84					-0.000152	-0.24	
			-0.000148	-3.84					-0.000148	-0.248	
			-0.000144	-3.84					-0.000144	-0.248	
			-0.00014	-3.84					-0.00014	-0.244	
			-0.000136	-3.92					-0.000136	-0.24	
			-0.000132	-3.92					-0.000132	-0.24	
			-0.000128	-3.84					-0.000128	-0.244	
			-0.000124	-3.84					-0.000124	-0.248	
			-0.00012	-3.84					-0.00012	-0.252	
			-0.000116	-3.84					-0.000116	-0.248	
			-0.000112	-3.84					-0.000112	-0.248	
			-0.000108	-3.84					-0.000108	-0.248	
			-0.000104	-3.84					-0.000104	-0.252	
			-0.0001	-3.84					-0.0001	-0.248	
			-9.60003e-005	-3.84					-9.60003e-005	-0.252	
			-9.20003e-005	-3.84					-9.20003e-005	-0.248	
			-8.80003e-005	-3.84					-8.80003e-005	-0.252	
			-8.40003e-005	-3.84					-8.40003e-005	-0.248	
			-8.00003e-005	-3.84					-8.00003e-005	-0.248	
			-7.60003e-005	-3.84					-7.60003e-005	-0.252	
			-7.20003e-005	-3.84					-7.20003e-005	-0.256	
			-6.80003e-005	-3.84					-6.80003e-005	-0.252	
			-6.40003e-005	-3.84					-6.40003e-005	-0.248	
			-6.00003e-005	-3.84					-6.00003e-005	-0.252	
			-5.60003e-005	-3.84					-5.60003e-005	-0.256	
			-5.20003e-005	-3.84					-5.20003e-005	-0.26	
			-4.80003e-005	-3.84					-4.80003e-005	-0.252	
			-4.40003e-005	-3.84					-4.40003e-005	-0.252	
			-4.00003e-005	-3.84					-4.00003e-005	-0.256	
			-3.60003e-005	-3.84					-3.60003e-005	-0.26	
			-3.20003e-005	-3.84					-3.20003e-005	-0.26	
			-2.80003e-005	-3.84					-2.80003e-005	-0.256	
			-2.40003e-005	-3.84					-2.40003e-005	-0.26	
			-2.00003e-005	-3.84					-2.00003e-005	-0.26	
			-1.60003e-005	-3.84					-1.60003e-005	-0.26	
			-1.20003e-005	-3.84					-1.20003e-005	-0.256	
			-8.00034e-006	-3.84					-8.00034e-006	-0.256	
			-4.00034e-006	-0.64					-4.00034e-006	-0.264	
			-3.36058e-010	4.4					-3.36058e-010	-0.256	
			3.99966e-006	4.16					3.99966e-006	-0.248	
			7.99966e-006	4.08					7.99966e-006	-0.244	
			1.19997e-005	4.08					1.19997e-005	-0.248	
			1.59997e-005	4.08					1.59997e-005	-0.244	
			1.99997e-005	4.08					1.99997e-005	-0.24	
			2.39997e-005	4.08					2.39997e-005	-0.24	
			2.79997e-005	4.08					2.79997e-005	-0.232	
			3.19997e-005	4.08					3.19997e-005	-0.232	
			3.59997e-005	4.08					3.59997e-005	-0.228	
			3.99997e-005	4					3.99997e-005	-0.224	
			4.39997e-005	4.08					4.39997e-005	-0.224	
			4.79997e-005	4.08					4.79997e-005	-0.22	
			5.19997e-005	4.08					5.19997e-005	-0.212	
			5.59997e-005	4.08					5.59997e-005	-0.216	
			5.99997e-005	4.08					5.99997e-005	-0.208	
			6.39997e-005	4.08					6.39997e-005	-0.208	
			6.79997e-005	4.08					6.79997e-005	-0.208	
			7.19997e-005	4.08					7.19997e-005	-0.204	
			7.59997e-005	4.08					7.59997e-005	-0.204	
			7.99997e-005	4.08					7.99997e-005	-0.2	
			8.39997e-005	4.08					8.39997e-005	-0.196	
			8.79997e-005	4.08					8.79997e-005	-0.188	
			9.19997e-005	4.08					9.19997e-005	-0.188	
			9.59997e-005	4.08					9.59997e-005	-0.184	
			9.99997e-005	4.08					9.99997e-005	-0.188	
			0.000104	4.08					0.000104	-0.184	
			0.000108	4.08					0.000108	-0.184	
			0.000112	4.08					0.000112	-0.18	
			0.000116	4.08					0.000116	-0.168	
			0.00012	4.08					0.00012	-0.176	
			0.000124	4.08					0.000124	-0.172	
			0.000128	4.08					0.000128	-0.168	
			0.000132	4.08					0.000132	-0.164	
			0.000136	4.08					0.000136	-0.16	
			0.00014	4.08					0.00014	-0.16	
			0.000144	4.08					0.000144	-0.16	
			0.000148	4.08					0.000148	-0.152	
			0.000152	4.08					0.000152	-0.156	
			0.000156	4.08					0.000156	-0.152	
			0.00016	4.08					0.00016	-0.148	
			0.000164	4.08					0.000164	-0.144	
			0.000168	4.08					0.000168	-0.14	
			0.000172	4.08					0.000172	-0.144	
			0.000176	4.08					0.000176	-0.144	
			0.00018	4.08					0.00018	-0.14	
			0.000184	4.08					0.000184	-0.132	
			0.000188	4.08					0.000188	-0.132	
			0.000192	4.08					0.000192	-0.128	
			0.000196	4.08					0.000196	-0.128	
			0.0002	4.08					0.0002	-0.124	
			0.000204	4.08					0.000204	-0.124	
			0.000208	4.08					0.000208	-0.124	
			0.000212	4.08					0.000212	-0.12	
			0.000216	4.08					0.000216	-0.116	
			0.00022	4.08					0.00022	-0.116	
			0.000224	4.08					0.000224	-0.116	
			0.000228	4.08					0.000228	-0.112	
			0.000232	4.08					0.000232	-0.112	
			0.000236	4.08					0.000236	-0.108	
			0.00024	4.08					0.00024	-0.104	
			0.000244	4.08					0.000244	-0.104	
			0.000248	4.08					0.000248	-0.104	
			0.000252	4.08					0.000252	-0.096	
			0.000256	4.08					0.000256	-0.092	
			0.00026	4.08					0.00026	-0.092	
			0.000264	4.08					0.000264	-0.088	
			0.000268	4.08					0.000268	-0.088	
			0.000272	4.08					0.000272	-0.088	
			0.000276	4.08					0.000276	-0.084	
			0.00028	4.08					0.00028	-0.088	
			0.000284	4.08					0.000284	-0.084	
			0.000288	4.08					0.000288	-0.08	
			0.000292	4.08					0.000292	-0.076	
			0.000296	4.08					0.000296	-0.072	
			0.0003	4.08					0.0003	-0.072	
			0.000304	4.08					0.000304	-0.076	
			0.000308	4.08					0.000308	-0.068	
			0.000312	4.08					0.000312	-0.068	
			0.000316	4.08					0.000316	-0.064	
			0.00032	4.08					0.00032	-0.068	
			0.000324	4.08					0.000324	-0.064	
			0.000328	4.08					0.000328	-0.06	
			0.000332	4.08					0.000332	-0.056	
			0.000336	4.08					0.000336	-0.056	
			0.00034	4.08					0.00034	-0.06	
			0.000344	4.08					0.000344	-0.052	
			0.000348	4.08					0.000348	-0.048	
			0.000352	4.08					0.000352	-0.048	
			0.000356	4.08					0.000356	-0.052	
			0.00036	4.08					0.00036	-0.048	
			0.000364	4.08					0.000364	-0.048	
			0.000368	4.08					0.000368	-0.04	
			0.000372	4.08					0.000372	-0.044	
			0.000376	4.08					0.000376	-0.04	
			0.00038	4.08					0.00038	-0.036	
			0.000384	4.08					0.000384	-0.028	
			0.000388	4.08					0.000388	-0.032	
			0.000392	4.08					0.000392	-0.032	
			0.000396	4.08					0.000396	-0.024	
			0.0004	4.08					0.0004	-0.024	
			0.000404	4.08					0.000404	-0.02	
			0.000408	4.08					0.000408	-0.024	
			0.000412	4.08					0.000412	-0.024	
			0.000416	4.08					0.000416	-0.02	
			0.00042	4.08					0.00042	-0.016	
			0.000424	4.08					0.000424	-0.016	
			0.000428	4.08					0.000428	-0.016	
			0.000432	4.08					0.000432	-0.008	
			0.000436	4.08					0.000436	-0.008	
			0.00044	4.08					0.00044	-0.008	
			0.000444	4.08					0.000444	-0.008	
			0.000448	4.08					0.000448	-0.004	
			0.000452	4.08					0.000452	0	
			0.000456	4.08					0.000456	0	
			0.00046	4.08					0.00046	-0.004	
			0.000464	4.08					0.000464	0	
			0.000468	4.08					0.000468	0.008	
			0.000472	4.08					0.000472	0.004	
			0.000476	4.08					0.000476	0.004	
			0.00048	4.08					0.00048	0.004	
			0.000484	4.08					0.000484	0.012	
			0.000488	4.08					0.000488	0.012	
			0.000492	4.08					0.000492	0.008	
			0.000496	4.08					0.000496	0.012	
			0.0005	4.08					0.0005	0.012	
			0.000504	4.08					0.000504	0.02	
			0.000508	4.08					0.000508	0.016	
			0.000512	4.08					0.000512	0.016	
			0.000516	4.08					0.000516	0.024	
			0.00052	4.08					0.00052	0.028	
			0.000524	4.08					0.000524	0.024	
			0.000528	4.08					0.000528	0.024	
			0.000532	4.08					0.000532	0.028	
			0.000536	4.08					0.000536	0.032	
			0.00054	4.08					0.00054	0.032	
			0.000544	4.08					0.000544	0.032	
			0.000548	4.08					0.000548	0.032	
			0.000552	4.08					0.000552	0.032	
			0.000556	4.08					0.000556	0.04	
			0.00056	4.08					0.00056	0.036	
			0.000564	4					0.000564	0.036	
			0.000568	4.08					0.000568	0.04	
			0.000572	4.08					0.000572	0.044	
			0.000576	4.08					0.000576	0.044	
			0.00058	4.08					0.00058	0.044	
			0.000584	4.08					0.000584	0.048	
			0.000588	4.08					0.000588	0.052	
			0.000592	4.08					0.000592	0.048	
			0.000596	4.08					0.000596	0.052	
			0.0006	4.08					0.0006	0.048	
			0.000604	4.08					0.000604	0.052	
			0.000608	4.08					0.000608	0.052	
			0.000612	4.08					0.000612	0.052	
			0.000616	4.08					0.000616	0.056	
			0.00062	4.08					0.00062	0.06	
			0.000624	4					0.000624	0.064	
			0.000628	4.08					0.000628	0.06	
			0.000632	4.08					0.000632	0.064	
			0.000636	4.08					0.000636	0.064	
			0.00064	4					0.00064	0.064	
			0.000644	4.08					0.000644	0.072	
			0.000648	4.08					0.000648	0.068	
			0.000652	4.08					0.000652	0.068	
			0.000656	4.08					0.000656	0.068	
			0.00066	4.08					0.00066	0.068	
			0.000664	4					0.000664	0.076	
			0.000668	4.08					0.000668	0.072	
			0.000672	4.08					0.000672	0.076	
			0.000676	4.08					0.000676	0.076	
			0.00068	4.08					0.00068	0.08	
			0.000684	4.08					0.000684	0.08	
			0.000688	4.08					0.000688	0.08	
			0.000692	4.08					0.000692	0.08	
			0.000696	4.08					0.000696	0.08	
			0.0007	4.08					0.0007	0.084	
			0.000704	4.08					0.000704	0.088	
			0.000708	4.08					0.000708	0.088	
			0.000712	4.08					0.000712	0.088	
			0.000716	4.08					0.000716	0.092	
			0.00072	4.08					0.00072	0.088	
			0.000724	4.08					0.000724	0.092	
			0.000728	4.08					0.000728	0.092	
			0.000732	4.08					0.000732	0.092	
			0.000736	4					0.000736	0.096	
			0.00074	4.08					0.00074	0.096	
			0.000744	4.08					0.000744	0.096	
			0.000748	4.08					0.000748	0.1	
			0.000752	4.08					0.000752	0.104	
			0.000756	4.08					0.000756	0.104	
			0.00076	4.08					0.00076	0.104	
			0.000764	4					0.000764	0.104	
			0.000768	4					0.000768	0.104	
			0.000772	4.08					0.000772	0.104	
			0.000776	4.08					0.000776	0.104	
			0.00078	4.08					0.00078	0.108	
			0.000784	4					0.000784	0.112	
			0.000788	4					0.000788	0.108	
			0.000792	4.08					0.000792	0.108	
			0.000796	4					0.000796	0.112	
			0.0008	4.08					0.0008	0.12	
			0.000804	4.08					0.000804	0.116	
			0.000808	4.08					0.000808	0.112	
			0.000812	4					0.000812	0.116	
			0.000816	4.08					0.000816	0.12	
			0.00082	4.08					0.00082	0.116	
			0.000824	4.08					0.000824	0.124	
			0.000828	4.08					0.000828	0.124	
			0.000832	4.08					0.000832	0.124	
			0.000836	4.08					0.000836	0.12	
			0.00084	4					0.00084	0.124	
			0.000844	4.08					0.000844	0.124	
			0.000848	4					0.000848	0.124	
			0.000852	4					0.000852	0.128	
			0.000856	4					0.000856	0.132	
			0.00086	4.08					0.00086	0.128	
			0.000864	4.08					0.000864	0.132	
			0.000868	4					0.000868	0.132	
			0.000872	4.08					0.000872	0.132	
			0.000876	4					0.000876	0.132	
			0.00088	4					0.00088	0.132	
			0.000884	4					0.000884	0.136	
			0.000888	4					0.000888	0.14	
			0.000892	4					0.000892	0.136	
			0.000896	4.08					0.000896	0.144	
			0.0009	4					0.0009	0.14	
			0.000904	4					0.000904	0.14	
			0.000908	4					0.000908	0.144	
			0.000912	4					0.000912	0.144	
			0.000916	4					0.000916	0.144	
			0.00092	4.08					0.00092	0.14	
			0.000924	4.08					0.000924	0.144	
			0.000928	4					0.000928	0.144	
			0.000932	4					0.000932	0.152	
			0.000936	4					0.000936	0.148	
			0.00094	4					0.00094	0.152	
			0.000944	4					0.000944	0.152	
			0.000948	4.08					0.000948	0.148	
			0.000952	4					0.000952	0.152	
			0.000956	4					0.000956	0.152	
			0.00096	4					0.00096	0.152	
			0.000964	4					0.000964	0.156	
			0.000968	4					0.000968	0.156	
			0.000972	4					0.000972	0.156	
			0.000976	4					0.000976	0.156	
			0.00098	4					0.00098	0.164	
			0.000984	4					0.000984	0.16	
			0.000988	4					0.000988	0.16	
			0.000992	4					0.000992	0.168	
			0.000996	4					0.000996	0.168	
			0.001	4					0.001	0.16	
			0.001004	4					0.001004	0.168	
			0.001008	4					0.001008	0.164	
			0.001012	4					0.001012	0.164	
			0.001016	4					0.001016	0.164	
			0.00102	4					0.00102	0.168	
			0.001024	4					0.001024	0.168	
			0.001028	4					0.001028	0.168	
			0.001032	4					0.001032	0.168	
			0.001036	4					0.001036	0.172	
			0.00104	4					0.00104	0.172	
			0.001044	4					0.001044	0.168	
			0.001048	4					0.001048	0.172	
			0.001052	4.08					0.001052	0.176	
			0.001056	4					0.001056	0.172	
			0.00106	4					0.00106	0.176	
			0.001064	4					0.001064	0.176	
			0.001068	4					0.001068	0.18	
			0.001072	4					0.001072	0.176	
			0.001076	4					0.001076	0.184	
			0.00108	4					0.00108	0.18	
			0.001084	4					0.001084	0.18	
			0.001088	4					0.001088	0.18	
			0.001092	4					0.001092	0.18	
			0.001096	4					0.001096	0.18	
			0.0011	4					0.0011	0.188	
			0.001104	4					0.001104	0.188	
			0.001108	4					0.001108	0.18	
			0.001112	4					0.001112	0.184	
			0.001116	4					0.001116	0.192	
			0.00112	4					0.00112	0.192	
			0.001124	4					0.001124	0.188	
			0.001128	4					0.001128	0.192	
			0.001132	4					0.001132	0.196	
			0.001136	4					0.001136	0.196	
			0.00114	4					0.00114	0.188	
			0.001144	4					0.001144	0.192	
			0.001148	4					0.001148	0.188	
			0.001152	4					0.001152	0.188	
			0.001156	4					0.001156	0.192	
			0.00116	4					0.00116	0.196	
			0.001164	4					0.001164	0.196	
			0.001168	4					0.001168	0.2	
			0.001172	4					0.001172	0.196	
			0.001176	4					0.001176	0.196	
			0.00118	4					0.00118	0.196	
			0.001184	4					0.001184	0.204	
			0.001188	4					0.001188	0.2	
			0.001192	4					0.001192	0.2	
			0.001196	4					0.001196	0.2	
			0.0012	4					0.0012	0.204	
			0.001204	4					0.001204	0.204	
			0.001208	4					0.001208	0.204	
			0.001212	4					0.001212	0.208	
			0.001216	3.92					0.001216	0.208	
			0.00122	4					0.00122	0.204	
			0.001224	4					0.001224	0.208	
			0.001228	4					0.001228	0.204	
			0.001232	4					0.001232	0.204	
			0.001236	4					0.001236	0.208	
			0.00124	4					0.00124	0.216	
			0.001244	4					0.001244	0.208	
			0.001248	4					0.001248	0.212	
			0.001252	4					0.001252	0.216	
			0.001256	4					0.001256	0.212	
			0.00126	4					0.00126	0.212	
			0.001264	4					0.001264	0.208	
			0.001268	4					0.001268	0.216	
			0.001272	3.92					0.001272	0.212	
			0.001276	4					0.001276	0.212	
			0.00128	4					0.00128	0.212	
			0.001284	4					0.001284	0.224	
			0.001288	4					0.001288	0.22	
			0.001292	4					0.001292	0.216	
			0.001296	3.92					0.001296	0.22	
			0.0013	4					0.0013	0.224	
			0.001304	4					0.001304	0.216	
			0.001308	4					0.001308	0.216	
			0.001312	4					0.001312	0.22	
			0.001316	4					0.001316	0.224	
			0.00132	4					0.00132	0.22	
			0.001324	3.92					0.001324	0.224	
			0.001328	4					0.001328	0.228	
			0.001332	4					0.001332	0.224	
			0.001336	4					0.001336	0.224	
			0.00134	3.92					0.00134	0.224	
			0.001344	3.92					0.001344	0.236	
			0.001348	3.92					0.001348	0.228	
			0.001352	4					0.001352	0.228	
			0.001356	4					0.001356	0.228	
			0.00136	3.92					0.00136	0.232	
			0.001364	4					0.001364	0.232	
			0.001368	3.92					0.001368	0.228	
			0.001372	4					0.001372	0.228	
			0.001376	4					0.001376	0.232	
			0.00138	3.92					0.00138	0.232	
			0.001384	4					0.001384	0.232	
			0.001388	3.92					0.001388	0.232	
			0.001392	3.92					0.001392	0.236	
			0.001396	3.92					0.001396	0.232	
			0.0014	3.92					0.0014	0.236	
			0.001404	3.92					0.001404	0.236	
			0.001408	4					0.001408	0.236	
			0.001412	3.92					0.001412	0.24	
			0.001416	4					0.001416	0.232	
			0.00142	3.92					0.00142	0.236	
			0.001424	3.92					0.001424	0.236	
			0.001428	3.92					0.001428	0.236	
			0.001432	3.92					0.001432	0.236	
			0.001436	3.92					0.001436	0.24	
			0.00144	3.92					0.00144	0.24	
			0.001444	3.92					0.001444	0.244	
			0.001448	3.92					0.001448	0.244	
			0.001452	3.92					0.001452	0.244	
			0.001456	4					0.001456	0.24	
			0.00146	3.92					0.00146	0.24	
			0.001464	3.92					0.001464	0.24	
			0.001468	3.92					0.001468	0.244	
			0.001472	3.92					0.001472	0.248	
			0.001476	3.92					0.001476	0.244	
			0.00148	3.92					0.00148	0.244	
			0.001484	3.92					0.001484	0.244	
			0.001488	3.92					0.001488	0.244	
			0.001492	3.92					0.001492	0.244	
			0.001496	3.92					0.001496	0.244	
			0.0015	3.92					0.0015	0.248	
			0.001504	3.92					0.001504	0.252	
			0.001508	3.92					0.001508	0.248	
			0.001512	3.92					0.001512	0.248	
			0.001516	3.92					0.001516	0.248	
			0.00152	3.92					0.00152	0.248	
			0.001524	3.92					0.001524	0.248	
			0.001528	3.92					0.001528	0.252	
			0.001532	3.92					0.001532	0.244	
			0.001536	3.92					0.001536	0.252	
			0.00154	3.92					0.00154	0.256	
			0.001544	3.92					0.001544	0.252	
			0.001548	3.92					0.001548	0.252	
			0.001552	3.92					0.001552	0.252	
			0.001556	3.92					0.001556	0.256	
			0.00156	3.92					0.00156	0.256	
			0.001564	3.92					0.001564	0.252	
			0.001568	3.92					0.001568	0.252	
			0.001572	3.92					0.001572	0.256	
			0.001576	3.92					0.001576	0.256	
			0.00158	3.92					0.00158	0.256	
			0.001584	3.92					0.001584	0.252	
			0.001588	3.92					0.001588	0.256	
			0.001592	3.92					0.001592	0.256	
			0.001596	3.92					0.001596	0.26	
			0.0016	3.92					0.0016	0.26	
			0.001604	3.92					0.001604	0.252	
			0.001608	3.92					0.001608	0.26	
			0.001612	3.92					0.001612	0.26	
			0.001616	3.92					0.001616	0.256	
			0.00162	3.92					0.00162	0.26	
			0.001624	3.92					0.001624	0.264	
			0.001628	3.92					0.001628	0.264	
			0.001632	3.92					0.001632	0.26	
			0.001636	3.92					0.001636	0.26	
			0.00164	3.92					0.00164	0.264	
			0.001644	3.92					0.001644	0.26	
			0.001648	3.92					0.001648	0.26	
			0.001652	3.92					0.001652	0.264	
			0.001656	3.92					0.001656	0.264	
			0.00166	3.92					0.00166	0.26	
			0.001664	-1.92					0.001664	0.264	
			0.001668	-4.24					0.001668	0.256	
			0.001672	-4.08					0.001672	0.252	
			0.001676	-4					0.001676	0.256	
			0.00168	-4					0.00168	0.248	
			0.001684	-4					0.001684	0.244	
			0.001688	-4					0.001688	0.244	
			0.001692	-4					0.001692	0.24	
			0.001696	-4					0.001696	0.236	
			0.0017	-4					0.0017	0.236	
			0.001704	-4					0.001704	0.236	
			0.001708	-4					0.001708	0.224	
			0.001712	-4					0.001712	0.224	
			0.001716	-4					0.001716	0.22	
			0.00172	-4					0.00172	0.216	
			0.001724	-4					0.001724	0.22	
			0.001728	-4					0.001728	0.212	
			0.001732	-4					0.001732	0.212	
			0.001736	-4					0.001736	0.204	
			0.00174	-4					0.00174	0.204	
			0.001744	-4					0.001744	0.204	
			0.001748	-4					0.001748	0.2	
			0.001752	-4					0.001752	0.2	
			0.001756	-4					0.001756	0.196	
			0.00176	-4					0.00176	0.192	
			0.001764	-4					0.001764	0.192	
			0.001768	-4					0.001768	0.188	
			0.001772	-4					0.001772	0.188	
			0.001776	-4					0.001776	0.18	
			0.00178	-4					0.00178	0.176	
			0.001784	-4					0.001784	0.176	
			0.001788	-4					0.001788	0.18	
			0.001792	-4					0.001792	0.172	
			0.001796	-4					0.001796	0.176	
			0.0018	-4					0.0018	0.168	
			0.001804	-4					0.001804	0.164	
			0.001808	-4					0.001808	0.16	
			0.001812	-4					0.001812	0.164	
			0.001816	-4					0.001816	0.16	
			0.00182	-4					0.00182	0.16	
			0.001824	-4					0.001824	0.16	
			0.001828	-4					0.001828	0.148	
			0.001832	-4					0.001832	0.148	
			0.001836	-4					0.001836	0.148	
			0.00184	-4					0.00184	0.144	
			0.001844	-4					0.001844	0.144	
			0.001848	-4					0.001848	0.144	
			0.001852	-4					0.001852	0.144	
			0.001856	-4					0.001856	0.136	
			0.00186	-4					0.00186	0.132	
			0.001864	-4					0.001864	0.128	
			0.001868	-4					0.001868	0.128	
			0.001872	-4					0.001872	0.124	
			0.001876	-4					0.001876	0.124	
			0.00188	-4					0.00188	0.128	
			0.001884	-4					0.001884	0.124	
			0.001888	-4					0.001888	0.112	
			0.001892	-4					0.001892	0.116	
			0.001896	-4					0.001896	0.112	
			0.0019	-4					0.0019	0.112	
			0.001904	-4					0.001904	0.112	
			0.001908	-4					0.001908	0.108	
			0.001912	-4					0.001912	0.1	
			0.001916	-4					0.001916	0.108	
			0.00192	-4					0.00192	0.104	
			0.001924	-4					0.001924	0.096	
			0.001928	-4					0.001928	0.092	
			0.001932	-4					0.001932	0.096	
			0.001936	-4					0.001936	0.096	
			0.00194	-4					0.00194	0.088	
			0.001944	-4					0.001944	0.088	
			0.001948	-4					0.001948	0.088	
			0.001952	-4					0.001952	0.088	
			0.001956	-4					0.001956	0.08	
			0.00196	-4					0.00196	0.084	
			0.001964	-4					0.001964	0.08	
			0.001968	-4					0.001968	0.08	
			0.001972	-4					0.001972	0.08	
			0.001976	-4					0.001976	0.068	
			0.00198	-4					0.00198	0.072	
			0.001984	-4					0.001984	0.072	
			0.001988	-4					0.001988	0.068	
			0.001992	-4					0.001992	0.064	
			0.001996	-4					0.001996	0.056	
			0.002	-4					0.002	0.06	
			0.002004	-4					0.002004	0.064	
			0.002008	-4					0.002008	0.056	
			0.002012	-4					0.002012	0.052	
			0.002016	-4					0.002016	0.052	
			0.00202	-4					0.00202	0.052	
			0.002024	-4					0.002024	0.048	
			0.002028	-4					0.002028	0.048	
			0.002032	-4					0.002032	0.048	
			0.002036	-4					0.002036	0.048	
			0.00204	-4					0.00204	0.044	
			0.002044	-4					0.002044	0.04	
			0.002048	-4					0.002048	0.04	
			0.002052	-4					0.002052	0.032	
			0.002056	-4					0.002056	0.04	
			0.00206	-4					0.00206	0.036	
			0.002064	-4					0.002064	0.032	
			0.002068	-4					0.002068	0.032	
			0.002072	-4					0.002072	0.024	
			0.002076	-4					0.002076	0.024	
			0.00208	-4					0.00208	0.032	
			0.002084	-4					0.002084	0.016	
			0.002088	-4					0.002088	0.024	
			0.002092	-4					0.002092	0.024	
			0.002096	-4					0.002096	0.024	
			0.0021	-4					0.0021	0.016	
			0.002104	-4					0.002104	0.012	
			0.002108	-4					0.002108	0.008	
			0.002112	-4					0.002112	0.012	
			0.002116	-4					0.002116	0.008	
			0.00212	-4					0.00212	0.004	
			0.002124	-4					0.002124	0.004	
			0.002128	-4					0.002128	0.008	
			0.002132	-4					0.002132	0.004	
			0.002136	-4					0.002136	0	
			0.00214	-4					0.00214	0	
			0.002144	-4					0.002144	-0.004	
			0.002148	-4					0.002148	0	
			0.002152	-4					0.002152	-0.008	
			0.002156	-4					0.002156	-0.004	
			0.00216	-4					0.00216	-0.004	
			0.002164	-4					0.002164	-0.008	
			0.002168	-4					0.002168	-0.004	
			0.002172	-4					0.002172	-0.012	
			0.002176	-4					0.002176	-0.016	
			0.00218	-4					0.00218	-0.012	
			0.002184	-4					0.002184	-0.02	
			0.002188	-4					0.002188	-0.02	
			0.002192	-4					0.002192	-0.016	
			0.002196	-4					0.002196	-0.024	
			0.0022	-4					0.0022	-0.024	
			0.002204	-4					0.002204	-0.024	
			0.002208	-4					0.002208	-0.024	
			0.002212	-4					0.002212	-0.028	
			0.002216	-4					0.002216	-0.032	
			0.00222	-4					0.00222	-0.028	
			0.002224	-4					0.002224	-0.036	
			0.002228	-4					0.002228	-0.036	
			0.002232	-4					0.002232	-0.036	
			0.002236	-4					0.002236	-0.04	
			0.00224	-4					0.00224	-0.036	
			0.002244	-4					0.002244	-0.04	
			0.002248	-4					0.002248	-0.044	
			0.002252	-4					0.002252	-0.044	
			0.002256	-4					0.002256	-0.044	
			0.00226	-4					0.00226	-0.048	
			0.002264	-4					0.002264	-0.048	
			0.002268	-4					0.002268	-0.052	
			0.002272	-4					0.002272	-0.052	
			0.002276	-4					0.002276	-0.052	
			0.00228	-4					0.00228	-0.056	
			0.002284	-4					0.002284	-0.048	
			0.002288	-4					0.002288	-0.056	
			0.002292	-4					0.002292	-0.056	
			0.002296	-4					0.002296	-0.064	
			0.0023	-4					0.0023	-0.06	
			0.002304	-4					0.002304	-0.06	
			0.002308	-4					0.002308	-0.064	
			0.002312	-4					0.002312	-0.064	
			0.002316	-4					0.002316	-0.064	
			0.00232	-4					0.00232	-0.064	
			0.002324	-4					0.002324	-0.068	
			0.002328	-4					0.002328	-0.068	
			0.002332	-4					0.002332	-0.072	
			0.002336	-4					0.002336	-0.08	
			0.00234	-4					0.00234	-0.076	
			0.002344	-4					0.002344	-0.068	
			0.002348	-4					0.002348	-0.072	
			0.002352	-4					0.002352	-0.076	
			0.002356	-4					0.002356	-0.08	
			0.00236	-4					0.00236	-0.084	
			0.002364	-4					0.002364	-0.084	
			0.002368	-4					0.002368	-0.084	
			0.002372	-4					0.002372	-0.084	
			0.002376	-4					0.002376	-0.08	
			0.00238	-4					0.00238	-0.088	
			0.002384	-4					0.002384	-0.084	
			0.002388	-4					0.002388	-0.084	
			0.002392	-4					0.002392	-0.084	
			0.002396	-4					0.002396	-0.092	
			0.0024	-4					0.0024	-0.092	
			0.002404	-4					0.002404	-0.092	
			0.002408	-4					0.002408	-0.096	
			0.002412	-4					0.002412	-0.092	
			0.002416	-4					0.002416	-0.096	
			0.00242	-4					0.00242	-0.1	
			0.002424	-4					0.002424	-0.096	
			0.002428	-4					0.002428	-0.1	
			0.002432	-4					0.002432	-0.1	
			0.002436	-4					0.002436	-0.1	
			0.00244	-4					0.00244	-0.1	
			0.002444	-4					0.002444	-0.108	
			0.002448	-4					0.002448	-0.104	
			0.002452	-4					0.002452	-0.108	
			0.002456	-4					0.002456	-0.112	
			0.00246	-4					0.00246	-0.108	
			0.002464	-4					0.002464	-0.112	
			0.002468	-4					0.002468	-0.112	
			0.002472	-4					0.002472	-0.116	
			0.002476	-4					0.002476	-0.12	
			0.00248	-4					0.00248	-0.112	
			0.002484	-4					0.002484	-0.12	
			0.002488	-4					0.002488	-0.116	
			0.002492	-4					0.002492	-0.12	
			0.002496	-4					0.002496	-0.12	
			0.0025	-4					0.0025	-0.12	
			0.002504	-4					0.002504	-0.12	
			0.002508	-4					0.002508	-0.12	
			0.002512	-4					0.002512	-0.128	
			0.002516	-4					0.002516	-0.132	
			0.00252	-4					0.00252	-0.124	
			0.002524	-4					0.002524	-0.128	
			0.002528	-4					0.002528	-0.124	
			0.002532	-4					0.002532	-0.128	
			0.002536	-4					0.002536	-0.128	
			0.00254	-3.92					0.00254	-0.132	
			0.002544	-4					0.002544	-0.128	
			0.002548	-4					0.002548	-0.128	
			0.002552	-4					0.002552	-0.128	
			0.002556	-4					0.002556	-0.128	
			0.00256	-4					0.00256	-0.136	
			0.002564	-4					0.002564	-0.136	
			0.002568	-4					0.002568	-0.136	
			0.002572	-4					0.002572	-0.136	
			0.002576	-4					0.002576	-0.144	
			0.00258	-4					0.00258	-0.14	
			0.002584	-4					0.002584	-0.144	
			0.002588	-4					0.002588	-0.14	
			0.002592	-4					0.002592	-0.14	
			0.002596	-3.92					0.002596	-0.148	
			0.0026	-4					0.0026	-0.144	
			0.002604	-4					0.002604	-0.14	
			0.002608	-3.92					0.002608	-0.148	
			0.002612	-3.92					0.002612	-0.148	
			0.002616	-4					0.002616	-0.148	
			0.00262	-3.92					0.00262	-0.148	
			0.002624	-4					0.002624	-0.152	
			0.002628	-3.92					0.002628	-0.148	
			0.002632	-4					0.002632	-0.152	
			0.002636	-4					0.002636	-0.152	
			0.00264	-3.92					0.00264	-0.156	
			0.002644	-4					0.002644	-0.148	
			0.002648	-3.92					0.002648	-0.156	
			0.002652	-3.92					0.002652	-0.16	
			0.002656	-4					0.002656	-0.16	
			0.00266	-4					0.00266	-0.156	
			0.002664	-3.92					0.002664	-0.16	
			0.002668	-3.92					0.002668	-0.16	
			0.002672	-4					0.002672	-0.164	
			0.002676	-3.92					0.002676	-0.164	
			0.00268	-3.92					0.00268	-0.164	
			0.002684	-4					0.002684	-0.164	
			0.002688	-3.92					0.002688	-0.168	
			0.002692	-3.92					0.002692	-0.164	
			0.002696	-4					0.002696	-0.168	
			0.0027	-4					0.0027	-0.172	
			0.002704	-3.92					0.002704	-0.168	
			0.002708	-3.92					0.002708	-0.172	
			0.002712	-3.92					0.002712	-0.168	
			0.002716	-3.92					0.002716	-0.168	
			0.00272	-4					0.00272	-0.172	
			0.002724	-3.92					0.002724	-0.176	
			0.002728	-3.92					0.002728	-0.172	
			0.002732	-3.92					0.002732	-0.172	
			0.002736	-4					0.002736	-0.176	
			0.00274	-3.92					0.00274	-0.18	
			0.002744	-3.92					0.002744	-0.18	
			0.002748	-4					0.002748	-0.176	
			0.002752	-3.92					0.002752	-0.176	
			0.002756	-3.92					0.002756	-0.18	
			0.00276	-4					0.00276	-0.18	
			0.002764	-4					0.002764	-0.18	
			0.002768	-3.92					0.002768	-0.18	
			0.002772	-3.92					0.002772	-0.18	
			0.002776	-4					0.002776	-0.18	
			0.00278	-3.92					0.00278	-0.184	
			0.002784	-3.92					0.002784	-0.18	
			0.002788	-4					0.002788	-0.184	
			0.002792	-3.92					0.002792	-0.188	
			0.002796	-3.92					0.002796	-0.188	
			0.0028	-3.92					0.0028	-0.184	
			0.002804	-3.92					0.002804	-0.184	
			0.002808	-3.92					0.002808	-0.192	
			0.002812	-3.92					0.002812	-0.188	
			0.002816	-3.92					0.002816	-0.188	
			0.00282	-3.92					0.00282	-0.192	
			0.002824	-3.92					0.002824	-0.192	
			0.002828	-3.92					0.002828	-0.196	
			0.002832	-3.92					0.002832	-0.192	
			0.002836	-3.92					0.002836	-0.192	
			0.00284	-3.92					0.00284	-0.188	
			0.002844	-3.92					0.002844	-0.192	
			0.002848	-3.92					0.002848	-0.196	
			0.002852	-3.92					0.002852	-0.192	
			0.002856	-3.92					0.002856	-0.196	
			0.00286	-3.92					0.00286	-0.196	
			0.002864	-3.92					0.002864	-0.2	
			0.002868	-3.92					0.002868	-0.196	
			0.002872	-3.92					0.002872	-0.204	
			0.002876	-3.92					0.002876	-0.2	
			0.00288	-3.92					0.00288	-0.2	
			0.002884	-3.92					0.002884	-0.2	
			0.002888	-3.92					0.002888	-0.2	
			0.002892	-3.92					0.002892	-0.204	
			0.002896	-3.92					0.002896	-0.2	
			0.0029	-3.92					0.0029	-0.208	
			0.002904	-3.92					0.002904	-0.204	
			0.002908	-3.92					0.002908	-0.208	
			0.002912	-3.92					0.002912	-0.204	
			0.002916	-3.92					0.002916	-0.208	
			0.00292	-3.92					0.00292	-0.208	
			0.002924	-3.92					0.002924	-0.212	
			0.002928	-3.92					0.002928	-0.208	
			0.002932	-3.92					0.002932	-0.204	
			0.002936	-3.92					0.002936	-0.212	
			0.00294	-3.92					0.00294	-0.212	
			0.002944	-3.92					0.002944	-0.212	
			0.002948	-3.92					0.002948	-0.216	
			0.002952	-3.92					0.002952	-0.216	
			0.002956	-3.92					0.002956	-0.212	
			0.00296	-3.92					0.00296	-0.212	
			0.002964	-3.92					0.002964	-0.212	
			0.002968	-3.92					0.002968	-0.216	
			0.002972	-3.92					0.002972	-0.216	
			0.002976	-3.92					0.002976	-0.212	
			0.00298	-3.92					0.00298	-0.212	
			0.002984	-3.92					0.002984	-0.22	
			0.002988	-3.92					0.002988	-0.216	
			0.002992	-3.92					0.002992	-0.22	
			0.002996	-3.92					0.002996	-0.212	
			0.003	-3.92					0.003	-0.22	
			0.003004	-3.92					0.003004	-0.224	
			0.003008	-3.92					0.003008	-0.224	
			0.003012	-3.92					0.003012	-0.224	
			0.003016	-3.92					0.003016	-0.216	
			0.00302	-3.92					0.00302	-0.22	
			0.003024	-3.92					0.003024	-0.224	
			0.003028	-3.92					0.003028	-0.228	
			0.003032	-3.92					0.003032	-0.228	
			0.003036	-3.92					0.003036	-0.224	
			0.00304	-3.92					0.00304	-0.228	
			0.003044	-3.92					0.003044	-0.224	
			0.003048	-3.92					0.003048	-0.224	
			0.003052	-3.92					0.003052	-0.224	
			0.003056	-3.92					0.003056	-0.232	
			0.00306	-3.92					0.00306	-0.224	
			0.003064	-3.92					0.003064	-0.228	
			0.003068	-3.92					0.003068	-0.232	
			0.003072	-3.92					0.003072	-0.232	
			0.003076	-3.92					0.003076	-0.232	
			0.00308	-3.92					0.00308	-0.232	
			0.003084	-3.92					0.003084	-0.232	
			0.003088	-3.92					0.003088	-0.232	
			0.003092	-3.92					0.003092	-0.232	
			0.003096	-3.92					0.003096	-0.232	
			0.0031	-3.92					0.0031	-0.232	
			0.003104	-3.92					0.003104	-0.232	
			0.003108	-3.92					0.003108	-0.236	
			0.003112	-3.92					0.003112	-0.236	
			0.003116	-3.84					0.003116	-0.24	
			0.00312	-3.84					0.00312	-0.24	
			0.003124	-3.92					0.003124	-0.244	
			0.003128	-3.92					0.003128	-0.24	
			0.003132	-3.84					0.003132	-0.236	
			0.003136	-3.84					0.003136	-0.244	
			0.00314	-3.84					0.00314	-0.24	
			0.003144	-3.84					0.003144	-0.24	
			0.003148	-3.84					0.003148	-0.24	
			0.003152	-3.92					0.003152	-0.236	
			0.003156	-3.92					0.003156	-0.24	
			0.00316	-3.92					0.00316	-0.244	
			0.003164	-3.84					0.003164	-0.244	
			0.003168	-3.84					0.003168	-0.244	
			0.003172	-3.92					0.003172	-0.244	
			0.003176	-3.84					0.003176	-0.24	
			0.00318	-3.84					0.00318	-0.24	
			0.003184	-3.92					0.003184	-0.244	
			0.003188	-3.84					0.003188	-0.244	
			0.003192	-3.84					0.003192	-0.244	
			0.003196	-3.84					0.003196	-0.248	
			0.0032	-3.84					0.0032	-0.244	
			0.003204	-3.84					0.003204	-0.252	
			0.003208	-3.84					0.003208	-0.248	
			0.003212	-3.84					0.003212	-0.248	
			0.003216	-3.84					0.003216	-0.248	
			0.00322	-3.84					0.00322	-0.248	
			0.003224	-3.92					0.003224	-0.248	
			0.003228	-3.92					0.003228	-0.248	
			0.003232	-3.92					0.003232	-0.248	
			0.003236	-3.84					0.003236	-0.252	
			0.00324	-3.84					0.00324	-0.256	
			0.003244	-3.84					0.003244	-0.252	
			0.003248	-3.84					0.003248	-0.256	
			0.003252	-3.84					0.003252	-0.252	
			0.003256	-3.92					0.003256	-0.252	
			0.00326	-3.84					0.00326	-0.248	
			0.003264	-3.84					0.003264	-0.252	
			0.003268	-3.84					0.003268	-0.252	
			0.003272	-3.84					0.003272	-0.248	
			0.003276	-3.84					0.003276	-0.256	
			0.00328	-3.84					0.00328	-0.256	
			0.003284	-3.84					0.003284	-0.256	
			0.003288	-3.84					0.003288	-0.252	
			0.003292	-3.84					0.003292	-0.252	
			0.003296	-3.84					0.003296	-0.256	
			0.0033	-3.84					0.0033	-0.26	
			0.003304	-3.84					0.003304	-0.26	
			0.003308	-3.84					0.003308	-0.256	
			0.003312	-3.84					0.003312	-0.26	
			0.003316	-3.84					0.003316	-0.26	
			0.00332	-3.84					0.00332	-0.26	
			0.003324	-3.84					0.003324	-0.256	
			0.003328	-2.88					0.003328	-0.26	
			0.003332	4.24					0.003332	-0.26	
			0.003336	4.16					0.003336	-0.256	
			0.00334	4.08					0.00334	-0.244	
			0.003344	4.08					0.003344	-0.248	
			0.003348	4.08					0.003348	-0.24	
			0.003352	4.08					0.003352	-0.24	
			0.003356	4.08					0.003356	-0.236	
			0.00336	4.08					0.00336	-0.236	
			0.003364	4.08					0.003364	-0.236	
			0.003368	4.08					0.003368	-0.22	
			0.003372	4.08					0.003372	-0.224	
			0.003376	4.08					0.003376	-0.224	
			0.00338	4.08					0.00338	-0.224	
			0.003384	4.08					0.003384	-0.22	
			0.003388	4.08					0.003388	-0.208	
			0.003392	4.08					0.003392	-0.212	
			0.003396	4.08					0.003396	-0.212	
			0.0034	4.08					0.0034	-0.208	
			0.003404	4.08					0.003404	-0.208	
			0.003408	4.08					0.003408	-0.204	
			0.003412	4.08					0.003412	-0.2	
			0.003416	4.08					0.003416	-0.196	
			0.00342	4.08					0.00342	-0.196	
			0.003424	4.08					0.003424	-0.2	
			0.003428	4.08					0.003428	-0.192	
			0.003432	4.08					0.003432	-0.18	
			0.003436	4.08					0.003436	-0.184	
			0.00344	4.08					0.00344	-0.184	
			0.003444	4.08					0.003444	-0.18	
			0.003448	4.08					0.003448	-0.176	
			0.003452	4.08					0.003452	-0.172	
			0.003456	4.08					0.003456	-0.176	
			0.00346	4.08					0.00346	-0.168	
			0.003464	4.08					0.003464	-0.172	
			0.003468	4.08					0.003468	-0.164	
			0.003472	4.08					0.003472	-0.16	
			0.003476	4.08					0.003476	-0.156	
			0.00348	4.08					0.00348	-0.156	
			0.003484	4.08					0.003484	-0.152	
			0.003488	4.08					0.003488	-0.152	
			0.003492	4.08					0.003492	-0.148	
			0.003496	4.08					0.003496	-0.144	
			0.0035	4.08					0.0035	-0.144	
			0.003504	4.08					0.003504	-0.144	
			0.003508	4.08					0.003508	-0.136	
			0.003512	4.08					0.003512	-0.136	
			0.003516	4.08					0.003516	-0.136	
			0.00352	4.08					0.00352	-0.136	
			0.003524	4.08					0.003524	-0.136	
			0.003528	4.08					0.003528	-0.132	
			0.003532	4.08					0.003532	-0.132	
			0.003536	4.08					0.003536	-0.124	
			0.00354	4.08					0.00354	-0.12	
			0.003544	4.08					0.003544	-0.12	
			0.003548	4.08					0.003548	-0.12	
			0.003552	4.08					0.003552	-0.112	
			0.003556	4.08					0.003556	-0.112	
			0.00356	4.08					0.00356	-0.116	
			0.003564	4.08					0.003564	-0.112	
			0.003568	4.08					0.003568	-0.108	
			0.003572	4.08					0.003572	-0.1	
			0.003576	4.08					0.003576	-0.104	
			0.00358	4.08					0.00358	-0.108	
			0.003584	4.08					0.003584	-0.1	
			0.003588	4.08					0.003588	-0.096	
			0.003592	4.08					0.003592	-0.092	
			0.003596	4.08					0.003596	-0.092	
			0.0036	4.08					0.0036	-0.092	
			0.003604	4.08					0.003604	-0.088	
			0.003608	4.08					0.003608	-0.084	
			0.003612	4.08					0.003612	-0.084	
			0.003616	4.08					0.003616	-0.08	
			0.00362	4.08					0.00362	-0.08	
			0.003624	4.08					0.003624	-0.076	
			0.003628	4.08					0.003628	-0.08	
			0.003632	4.08					0.003632	-0.072	
			0.003636	4.08					0.003636	-0.072	
			0.00364	4.08					0.00364	-0.072	
			0.003644	4.08					0.003644	-0.068	
			0.003648	4.08					0.003648	-0.064	
			0.003652	4.08					0.003652	-0.064	
			0.003656	4.08					0.003656	-0.06	
			0.00366	4.08					0.00366	-0.064	
			0.003664	4.08					0.003664	-0.06	
			0.003668	4.08					0.003668	-0.056	
			0.003672	4.08					0.003672	-0.056	
			0.003676	4.08					0.003676	-0.052	
			0.00368	4.08					0.00368	-0.052	
			0.003684	4.08					0.003684	-0.052	
			0.003688	4.08					0.003688	-0.052	
			0.003692	4.08					0.003692	-0.044	
			0.003696	4.08					0.003696	-0.044	
			0.0037	4.08					0.0037	-0.044	
			0.003704	4.08					0.003704	-0.04	
			0.003708	4.08					0.003708	-0.036	
			0.003712	4.08					0.003712	-0.032	
			0.003716	4.08					0.003716	-0.036	
			0.00372	4.08					0.00372	-0.036	
			0.003724	4.08					0.003724	-0.036	
			0.003728	4.08					0.003728	-0.028	
			0.003732	4.08					0.003732	-0.032	
			0.003736	4					0.003736	-0.028	
			0.00374	4.08					0.00374	-0.024	
			0.003744	4					0.003744	-0.02	
			0.003748	4.08					0.003748	-0.02	
			0.003752	4.08					0.003752	-0.02	
			0.003756	4.08					0.003756	-0.012	
			0.00376	4.08					0.00376	-0.008	
			0.003764	4.08					0.003764	-0.012	
			0.003768	4					0.003768	-0.016	
			0.003772	4.08					0.003772	-0.008	
			0.003776	4.08					0.003776	-0.004	
			0.00378	4.08					0.00378	-0.012	
			0.003784	4.08					0.003784	-0.008	
			0.003788	4.08					0.003788	0	
			0.003792	4.08					0.003792	0	
			0.003796	4.08					0.003796	-0.004	
			0.0038	4.08					0.0038	0	
			0.003804	4.08					0.003804	0.004	
			0.003808	4.08					0.003808	0.004	
			0.003812	4.08					0.003812	0.008	
			0.003816	4.08					0.003816	0.012	
			0.00382	4.08					0.00382	0.012	
			0.003824	4.08					0.003824	0.012	
			0.003828	4.08					0.003828	0.008	
			0.003832	4.08					0.003832	0.012	
			0.003836	4.08					0.003836	0.012	
			0.00384	4.08					0.00384	0.02	
			0.003844	4.08					0.003844	0.02	
			0.003848	4.08					0.003848	0.016	
			0.003852	4.08					0.003852	0.016	
			0.003856	4.08					0.003856	0.024	
			0.00386	4.08					0.00386	0.028	
			0.003864	4.08					0.003864	0.028	
			0.003868	4.08					0.003868	0.032	
			0.003872	4.08					0.003872	0.032	
			0.003876	4.08					0.003876	0.036	
			0.00388	4.08					0.00388	0.036	
			0.003884	4.08					0.003884	0.032	
			0.003888	4.08					0.003888	0.036	
			0.003892	4.08					0.003892	0.036	
			0.003896	4.08					0.003896	0.04	
			0.0039	4.08					0.0039	0.04	
			0.003904	4.08					0.003904	0.04	
			0.003908	4.08					0.003908	0.044	
			0.003912	4					0.003912	0.044	
			0.003916	4.08					0.003916	0.044	
			0.00392	4.08					0.00392	0.044	
			0.003924	4.08					0.003924	0.052	
			0.003928	4.08					0.003928	0.052	
			0.003932	4.08					0.003932	0.056	
			0.003936	4.08					0.003936	0.052	
			0.00394	4					0.00394	0.052	
			0.003944	4.08					0.003944	0.052	
			0.003948	4.08					0.003948	0.056	
			0.003952	4					0.003952	0.06	
			0.003956	4.08					0.003956	0.056	
			0.00396	4.08					0.00396	0.06	
			0.003964	4.08					0.003964	0.064	
			0.003968	4					0.003968	0.064	
			0.003972	4					0.003972	0.068	
			0.003976	4.08					0.003976	0.068	
			0.00398	4.08					0.00398	0.064	
			0.003984	4					0.003984	0.068	
			0.003988	4					0.003988	0.072	
			0.003992	4					0.003992	0.068	
			0.003996	4.08					0.003996	0.072	
			0.004	4					0.004	0.072	
			0.004004	4.08					0.004004	0.076	
			0.004008	4.08					0.004008	0.076	
			0.004012	4					0.004012	0.076	
			0.004016	4.08					0.004016	0.08	
			0.00402	4					0.00402	0.084	
			0.004024	4.08					0.004024	0.084	
			0.004028	4					0.004028	0.088	
			0.004032	4					0.004032	0.088	
			0.004036	4					0.004036	0.088	
			0.00404	4.08					0.00404	0.084	
			0.004044	4.08					0.004044	0.084	
			0.004048	4					0.004048	0.092	
			0.004052	4.08					0.004052	0.092	
			0.004056	4					0.004056	0.092	
			0.00406	4					0.00406	0.092	
			0.004064	4.08					0.004064	0.096	
			0.004068	4					0.004068	0.092	
			0.004072	4					0.004072	0.092	
			0.004076	4.08					0.004076	0.096	
			0.00408	4.08					0.00408	0.096	
			0.004084	4.08					0.004084	0.104	
			0.004088	4					0.004088	0.104	
			0.004092	4.08					0.004092	0.1	
			0.004096	4					0.004096	0.1	
			0.0041	4					0.0041	0.104	
			0.004104	4.08					0.004104	0.108	
			0.004108	4.08					0.004108	0.104	
			0.004112	4					0.004112	0.112	
			0.004116	4					0.004116	0.112	
			0.00412	4.08					0.00412	0.112	
			0.004124	4.08					0.004124	0.116	
			0.004128	4					0.004128	0.112	
			0.004132	4					0.004132	0.116	
			0.004136	4.08					0.004136	0.116	
			0.00414	4.08					0.00414	0.112	
			0.004144	4					0.004144	0.112	
			0.004148	4					0.004148	0.116	
			0.004152	4					0.004152	0.124	
			0.004156	4					0.004156	0.12	
			0.00416	4					0.00416	0.12	
			0.004164	4					0.004164	0.124	
			0.004168	4					0.004168	0.128	
			0.004172	4					0.004172	0.128	
			0.004176	4					0.004176	0.124	
			0.00418	4					0.00418	0.128	
			0.004184	4					0.004184	0.124	
			0.004188	4.08					0.004188	0.132	
			0.004192	4					0.004192	0.132	
			0.004196	4					0.004196	0.124	
			0.0042	4					0.0042	0.136	
			0.004204	4					0.004204	0.14	
			0.004208	4.08					0.004208	0.136	
			0.004212	4.08					0.004212	0.14	
			0.004216	4					0.004216	0.136	
			0.00422	4					0.00422	0.136	
			0.004224	4					0.004224	0.136	
			0.004228	4					0.004228	0.14	
			0.004232	4					0.004232	0.14	
			0.004236	4					0.004236	0.14	
			0.00424	4					0.00424	0.14	
			0.004244	4					0.004244	0.144	
			0.004248	4					0.004248	0.14	
			0.004252	4					0.004252	0.144	
			0.004256	4					0.004256	0.148	
			0.00426	4					0.00426	0.148	
			0.004264	4					0.004264	0.144	
			0.004268	4					0.004268	0.148	
			0.004272	4					0.004272	0.152	
			0.004276	4					0.004276	0.152	
			0.00428	4					0.00428	0.152	
			0.004284	4					0.004284	0.152	
			0.004288	4					0.004288	0.152	
			0.004292	4					0.004292	0.156	
			0.004296	4					0.004296	0.156	
			0.0043	4					0.0043	0.156	
			0.004304	4					0.004304	0.16	
			0.004308	4					0.004308	0.156	
			0.004312	4					0.004312	0.16	
			0.004316	4					0.004316	0.16	
			0.00432	4					0.00432	0.16	
			0.004324	4					0.004324	0.164	
			0.004328	4					0.004328	0.164	
			0.004332	4					0.004332	0.164	
			0.004336	4					0.004336	0.164	
			0.00434	4					0.00434	0.164	
			0.004344	4					0.004344	0.164	
			0.004348	4					0.004348	0.168	
			0.004352	4					0.004352	0.164	
			0.004356	4					0.004356	0.168	
			0.00436	4					0.00436	0.172	
			0.004364	4					0.004364	0.168	
			0.004368	4					0.004368	0.172	
			0.004372	4					0.004372	0.176	
			0.004376	4					0.004376	0.172	
			0.00438	4					0.00438	0.176	
			0.004384	4					0.004384	0.176	
			0.004388	4					0.004388	0.18	
			0.004392	4					0.004392	0.172	
			0.004396	4					0.004396	0.18	
			0.0044	4					0.0044	0.176	
			0.004404	4					0.004404	0.18	
			0.004408	4					0.004408	0.176	
			0.004412	4					0.004412	0.18	
			0.004416	4					0.004416	0.176	
			0.00442	4					0.00442	0.176	
			0.004424	4					0.004424	0.188	
			0.004428	4					0.004428	0.188	
			0.004432	4					0.004432	0.188	
			0.004436	4					0.004436	0.184	
			0.00444	4					0.00444	0.184	
			0.004444	4					0.004444	0.188	
			0.004448	4					0.004448	0.188	
			0.004452	4					0.004452	0.184	
			0.004456	4					0.004456	0.188	
			0.00446	4					0.00446	0.188	
			0.004464	4					0.004464	0.188	
			0.004468	4					0.004468	0.188	
			0.004472	4					0.004472	0.188	
			0.004476	4					0.004476	0.192	
			0.00448	4					0.00448	0.192	
			0.004484	4					0.004484	0.192	
			0.004488	4					0.004488	0.196	
			0.004492	4					0.004492	0.196	
			0.004496	4					0.004496	0.192	
			0.0045	4					0.0045	0.2	
			0.004504	4					0.004504	0.2	
			0.004508	4					0.004508	0.196	
			0.004512	4					0.004512	0.196	
			0.004516	4					0.004516	0.196	
			0.00452	4					0.00452	0.2	
			0.004524	4					0.004524	0.204	
			0.004528	4					0.004528	0.204	
			0.004532	4					0.004532	0.204	
			0.004536	4					0.004536	0.204	
			0.00454	4					0.00454	0.204	
			0.004544	4					0.004544	0.204	
			0.004548	4					0.004548	0.208	
			0.004552	4					0.004552	0.204	
			0.004556	4					0.004556	0.208	
			0.00456	4					0.00456	0.208	
			0.004564	4					0.004564	0.204	
			0.004568	4					0.004568	0.208	
			0.004572	4					0.004572	0.208	
			0.004576	4					0.004576	0.212	
			0.00458	3.92					0.00458	0.212	
			0.004584	3.92					0.004584	0.216	
			0.004588	4					0.004588	0.212	
			0.004592	3.92					0.004592	0.216	
			0.004596	3.92					0.004596	0.208	
			0.0046	4					0.0046	0.216	
			0.004604	4					0.004604	0.22	
			0.004608	3.92					0.004608	0.216	
			0.004612	3.92					0.004612	0.22	
			0.004616	4					0.004616	0.22	
			0.00462	4					0.00462	0.22	
			0.004624	3.92					0.004624	0.22	
			0.004628	4					0.004628	0.224	
			0.004632	3.92					0.004632	0.224	
			0.004636	4					0.004636	0.216	
			0.00464	4					0.00464	0.224	
			0.004644	3.92					0.004644	0.22	
			0.004648	4					0.004648	0.216	
			0.004652	3.92					0.004652	0.224	
			0.004656	3.92					0.004656	0.22	
			0.00466	3.92					0.00466	0.224	
			0.004664	4					0.004664	0.224	
			0.004668	3.92					0.004668	0.22	
			0.004672	3.92					0.004672	0.228	
			0.004676	3.92					0.004676	0.228	
			0.00468	3.92					0.00468	0.22	
			0.004684	3.92					0.004684	0.224	
			0.004688	4					0.004688	0.228	
			0.004692	3.92					0.004692	0.224	
			0.004696	3.92					0.004696	0.232	
			0.0047	3.92					0.0047	0.236	
			0.004704	3.92					0.004704	0.228	
			0.004708	3.92					0.004708	0.232	
			0.004712	4					0.004712	0.228	
			0.004716	3.92					0.004716	0.232	
			0.00472	4					0.00472	0.232	
			0.004724	3.92					0.004724	0.236	
			0.004728	3.92					0.004728	0.232	
			0.004732	3.92					0.004732	0.232	
			0.004736	3.92					0.004736	0.236	
			0.00474	3.92					0.00474	0.236	
			0.004744	3.92					0.004744	0.236	
			0.004748	3.92					0.004748	0.236	
			0.004752	3.92					0.004752	0.236	
			0.004756	3.92					0.004756	0.24	
			0.00476	3.92					0.00476	0.24	
			0.004764	3.92					0.004764	0.24	
			0.004768	3.92					0.004768	0.244	
			0.004772	3.92					0.004772	0.236	
			0.004776	3.92					0.004776	0.24	
			0.00478	3.92					0.00478	0.24	
			0.004784	3.92					0.004784	0.248	
			0.004788	3.92					0.004788	0.244	
			0.004792	3.92					0.004792	0.24	
			0.004796	3.92					0.004796	0.24	
			0.0048	3.92					0.0048	0.244	
			0.004804	3.92					0.004804	0.244	
			0.004808	3.92					0.004808	0.248	
			0.004812	3.92					0.004812	0.244	
			0.004816	3.92					0.004816	0.244	
			0.00482	3.92					0.00482	0.248	
			0.004824	3.92					0.004824	0.252	
			0.004828	3.92					0.004828	0.248	
			0.004832	3.92					0.004832	0.248	
			0.004836	3.92					0.004836	0.244	
			0.00484	3.92					0.00484	0.244	
			0.004844	3.92					0.004844	0.248	
			0.004848	3.92					0.004848	0.248	
			0.004852	3.92					0.004852	0.248	
			0.004856	3.92					0.004856	0.252	
			0.00486	3.92					0.00486	0.248	
			0.004864	3.92					0.004864	0.248	
			0.004868	3.92					0.004868	0.252	
			0.004872	3.92					0.004872	0.252	
			0.004876	3.92					0.004876	0.248	
			0.00488	3.92					0.00488	0.256	
			0.004884	3.92					0.004884	0.252	
			0.004888	3.92					0.004888	0.256	
			0.004892	3.92					0.004892	0.256	
			0.004896	3.92					0.004896	0.252	
			0.0049	3.92					0.0049	0.256	
			0.004904	3.92					0.004904	0.256	
			0.004908	3.92					0.004908	0.256	
			0.004912	3.92					0.004912	0.256	
			0.004916	3.92					0.004916	0.256	
			0.00492	3.92					0.00492	0.252	
			0.004924	3.92					0.004924	0.26	
			0.004928	3.92					0.004928	0.264	
			0.004932	3.92					0.004932	0.26	
			0.004936	3.92					0.004936	0.256	
			0.00494	3.92					0.00494	0.256	
			0.004944	3.92					0.004944	0.264	
			0.004948	3.92					0.004948	0.26	
			0.004952	3.92					0.004952	0.264	
			0.004956	3.92					0.004956	0.256	
			0.00496	3.92					0.00496	0.26	
			0.004964	3.92					0.004964	0.264	
			0.004968	3.92					0.004968	0.26	
			0.004972	3.92					0.004972	0.264	
			0.004976	3.92					0.004976	0.26	
			0.00498	3.92					0.00498	0.264	
			0.004984	3.92					0.004984	0.264	
			0.004988	3.92					0.004988	0.268	
			0.004992	3.92					0.004992	0.264	
			0.004996	0.64					0.004996	0.264	
			0.005	-4.4					0.005	0.256	
