Record Length	2500	Points	-0.004996	1.68		Record Length	2500	Points	-0.004996	-0.084	
Sample Interval	4e-006	s	-0.004992	1.64		Sample Interval	4e-006	s	-0.004992	-0.082	
Trigger Point	1249.000084	Samples	-0.004988	1.64		Trigger Point	1249.000084	Samples	-0.004988	-0.08	
			-0.004984	1.68					-0.004984	-0.078	
			-0.00498	1.64					-0.00498	-0.076	
			-0.004976	1.64					-0.004976	-0.078	
Source	CH1		-0.004972	1.64		Source	CH2		-0.004972	-0.074	
Vertical Units	Volts		-0.004968	1.64		Vertical Units	Volts		-0.004968	-0.074	
Vertical Scale	1.000000		-0.004964	1.64		Vertical Scale	50.00000237E-3		-0.004964	-0.072	
Vertical Offset	0		-0.00496	1.64		Vertical Offset	0		-0.00496	-0.072	
Horizontal Units	s		-0.004956	1.64		Horizontal Units	s		-0.004956	-0.072	
Horizontal Scale	1.000000E-3		-0.004952	1.64		Horizontal Scale	1.000000E-3		-0.004952	-0.064	
Pt Fmt	Y		-0.004948	1.64		Pt Fmt	Y		-0.004948	-0.064	
Yzero	320.00000000E-3		-0.004944	1.64		Yzero	-40.00000000E-3		-0.004944	-0.064	
Probe Atten	10.000000		-0.00494	1.64		Probe Atten	10.000000		-0.00494	-0.064	
			-0.004936	1.64					-0.004936	-0.064	
Note	TBS 1052B-EDU - 10:33:34 a.m.   08/03/2017		-0.004932	1.64		Note	TBS 1052B-EDU - 10:33:34 a.m.   08/03/2017		-0.004932	-0.062	
			-0.004928	1.64					-0.004928	-0.064	
			-0.004924	1.64					-0.004924	-0.062	
			-0.00492	1.64					-0.00492	-0.062	
			-0.004916	1.64					-0.004916	-0.062	
			-0.004912	1.64					-0.004912	-0.06	
			-0.004908	1.64					-0.004908	-0.058	
			-0.004904	1.64					-0.004904	-0.058	
			-0.0049	1.64					-0.0049	-0.06	
			-0.004896	1.64					-0.004896	-0.058	
			-0.004892	1.64					-0.004892	-0.052	
			-0.004888	1.64					-0.004888	-0.052	
			-0.004884	1.64					-0.004884	-0.054	
			-0.00488	1.64					-0.00488	-0.056	
			-0.004876	1.64					-0.004876	-0.052	
			-0.004872	1.64					-0.004872	-0.05	
			-0.004868	1.64					-0.004868	-0.05	
			-0.004864	1.64					-0.004864	-0.052	
			-0.00486	1.64					-0.00486	-0.046	
			-0.004856	1.64					-0.004856	-0.048	
			-0.004852	1.64					-0.004852	-0.05	
			-0.004848	1.64					-0.004848	-0.05	
			-0.004844	1.64					-0.004844	-0.044	
			-0.00484	1.64					-0.00484	-0.044	
			-0.004836	1.64					-0.004836	-0.04	
			-0.004832	1.64					-0.004832	-0.042	
			-0.004828	1.64					-0.004828	-0.04	
			-0.004824	1.64					-0.004824	-0.038	
			-0.00482	1.64					-0.00482	-0.038	
			-0.004816	1.64					-0.004816	-0.036	
			-0.004812	1.64					-0.004812	-0.036	
			-0.004808	1.64					-0.004808	-0.04	
			-0.004804	1.64					-0.004804	-0.038	
			-0.0048	1.64					-0.0048	-0.036	
			-0.004796	1.64					-0.004796	-0.036	
			-0.004792	1.64					-0.004792	-0.028	
			-0.004788	1.64					-0.004788	-0.034	
			-0.004784	1.64					-0.004784	-0.032	
			-0.00478	1.64					-0.00478	-0.03	
			-0.004776	1.64					-0.004776	-0.028	
			-0.004772	1.64					-0.004772	-0.03	
			-0.004768	1.64					-0.004768	-0.028	
			-0.004764	1.64					-0.004764	-0.03	
			-0.00476	1.64					-0.00476	-0.026	
			-0.004756	1.64					-0.004756	-0.03	
			-0.004752	1.6					-0.004752	-0.028	
			-0.004748	1.64					-0.004748	-0.022	
			-0.004744	1.64					-0.004744	-0.02	
			-0.00474	1.64					-0.00474	-0.022	
			-0.004736	1.6					-0.004736	-0.022	
			-0.004732	1.64					-0.004732	-0.02	
			-0.004728	1.64					-0.004728	-0.018	
			-0.004724	1.6					-0.004724	-0.022	
			-0.00472	1.6					-0.00472	-0.018	
			-0.004716	1.64					-0.004716	-0.018	
			-0.004712	1.64					-0.004712	-0.018	
			-0.004708	1.6					-0.004708	-0.02	
			-0.004704	1.6					-0.004704	-0.02	
			-0.0047	1.6					-0.0047	-0.018	
			-0.004696	1.6					-0.004696	-0.014	
			-0.004692	1.6					-0.004692	-0.014	
			-0.004688	1.6					-0.004688	-0.014	
			-0.004684	1.6					-0.004684	-0.014	
			-0.00468	1.6					-0.00468	-0.016	
			-0.004676	1.6					-0.004676	-0.016	
			-0.004672	1.6					-0.004672	-0.014	
			-0.004668	1.64					-0.004668	-0.012	
			-0.004664	1.6					-0.004664	-0.01	
			-0.00466	1.6					-0.00466	-0.01	
			-0.004656	1.6					-0.004656	-0.006	
			-0.004652	1.6					-0.004652	-0.01	
			-0.004648	1.6					-0.004648	-0.008	
			-0.004644	1.6					-0.004644	-0.01	
			-0.00464	1.6					-0.00464	-0.006	
			-0.004636	1.6					-0.004636	-0.004	
			-0.004632	1.6					-0.004632	-0.004	
			-0.004628	1.6					-0.004628	-0.002	
			-0.004624	1.6					-0.004624	-0.006	
			-0.00462	1.6					-0.00462	-0.002	
			-0.004616	1.6					-0.004616	-0.002	
			-0.004612	1.6					-0.004612	-0.004	
			-0.004608	1.6					-0.004608	-0.004	
			-0.004604	1.6					-0.004604	0.002	
			-0.0046	1.6					-0.0046	0.002	
			-0.004596	1.6					-0.004596	0.002	
			-0.004592	1.6					-0.004592	0.004	
			-0.004588	1.6					-0.004588	0.004	
			-0.004584	1.6					-0.004584	0.004	
			-0.00458	1.6					-0.00458	0.002	
			-0.004576	1.6					-0.004576	0.006	
			-0.004572	1.6					-0.004572	0.002	
			-0.004568	1.6					-0.004568	0.002	
			-0.004564	1.6					-0.004564	0.002	
			-0.00456	1.6					-0.00456	0.008	
			-0.004556	1.6					-0.004556	0.006	
			-0.004552	1.6					-0.004552	0.006	
			-0.004548	1.6					-0.004548	0.01	
			-0.004544	1.6					-0.004544	0.008	
			-0.00454	1.6					-0.00454	0.012	
			-0.004536	1.6					-0.004536	0.012	
			-0.004532	1.6					-0.004532	0.012	
			-0.004528	1.6					-0.004528	0.01	
			-0.004524	1.6					-0.004524	0.01	
			-0.00452	1.6					-0.00452	0.014	
			-0.004516	1.6					-0.004516	0.012	
			-0.004512	1.6					-0.004512	0.012	
			-0.004508	1.6					-0.004508	0.014	
			-0.004504	1.6					-0.004504	0.014	
			-0.0045	1.6					-0.0045	0.014	
			-0.004496	1.6					-0.004496	0.016	
			-0.004492	1.6					-0.004492	0.018	
			-0.004488	1.6					-0.004488	0.022	
			-0.004484	1.6					-0.004484	0.018	
			-0.00448	1.6					-0.00448	0.022	
			-0.004476	1.6					-0.004476	0.022	
			-0.004472	1.6					-0.004472	0.018	
			-0.004468	1.6					-0.004468	0.016	
			-0.004464	1.6					-0.004464	0.018	
			-0.00446	1.6					-0.00446	0.024	
			-0.004456	1.6					-0.004456	0.024	
			-0.004452	1.6					-0.004452	0.022	
			-0.004448	1.6					-0.004448	0.024	
			-0.004444	1.6					-0.004444	0.024	
			-0.00444	1.56					-0.00444	0.022	
			-0.004436	1.56					-0.004436	0.022	
			-0.004432	1.56					-0.004432	0.024	
			-0.004428	1.6					-0.004428	0.028	
			-0.004424	1.6					-0.004424	0.026	
			-0.00442	1.6					-0.00442	0.026	
			-0.004416	1.6					-0.004416	0.028	
			-0.004412	1.56					-0.004412	0.026	
			-0.004408	1.6					-0.004408	0.028	
			-0.004404	1.6					-0.004404	0.028	
			-0.0044	1.6					-0.0044	0.026	
			-0.004396	1.6					-0.004396	0.032	
			-0.004392	1.56					-0.004392	0.03	
			-0.004388	1.6					-0.004388	0.028	
			-0.004384	1.6					-0.004384	0.032	
			-0.00438	1.56					-0.00438	0.03	
			-0.004376	1.6					-0.004376	0.03	
			-0.004372	1.56					-0.004372	0.032	
			-0.004368	1.6					-0.004368	0.034	
			-0.004364	1.6					-0.004364	0.032	
			-0.00436	1.6					-0.00436	0.032	
			-0.004356	1.56					-0.004356	0.03	
			-0.004352	1.56					-0.004352	0.036	
			-0.004348	1.6					-0.004348	0.034	
			-0.004344	1.56					-0.004344	0.034	
			-0.00434	1.6					-0.00434	0.034	
			-0.004336	1.56					-0.004336	0.036	
			-0.004332	1.6					-0.004332	0.038	
			-0.004328	1.56					-0.004328	0.036	
			-0.004324	1.56					-0.004324	0.04	
			-0.00432	1.56					-0.00432	0.038	
			-0.004316	1.56					-0.004316	0.04	
			-0.004312	1.56					-0.004312	0.038	
			-0.004308	1.56					-0.004308	0.04	
			-0.004304	1.56					-0.004304	0.044	
			-0.0043	1.56					-0.0043	0.042	
			-0.004296	1.56					-0.004296	0.04	
			-0.004292	1.56					-0.004292	0.042	
			-0.004288	1.56					-0.004288	0.042	
			-0.004284	1.56					-0.004284	0.044	
			-0.00428	1.56					-0.00428	0.042	
			-0.004276	1.56					-0.004276	0.04	
			-0.004272	1.56					-0.004272	0.046	
			-0.004268	1.56					-0.004268	0.046	
			-0.004264	1.56					-0.004264	0.044	
			-0.00426	1.56					-0.00426	0.046	
			-0.004256	1.56					-0.004256	0.048	
			-0.004252	1.56					-0.004252	0.044	
			-0.004248	1.56					-0.004248	0.046	
			-0.004244	1.56					-0.004244	0.046	
			-0.00424	1.56					-0.00424	0.048	
			-0.004236	1.56					-0.004236	0.05	
			-0.004232	1.56					-0.004232	0.052	
			-0.004228	1.56					-0.004228	0.05	
			-0.004224	1.56					-0.004224	0.048	
			-0.00422	1.56					-0.00422	0.046	
			-0.004216	1.56					-0.004216	0.052	
			-0.004212	1.56					-0.004212	0.048	
			-0.004208	1.56					-0.004208	0.052	
			-0.004204	1.56					-0.004204	0.052	
			-0.0042	1.56					-0.0042	0.052	
			-0.004196	1.56					-0.004196	0.052	
			-0.004192	1.56					-0.004192	0.056	
			-0.004188	1.56					-0.004188	0.058	
			-0.004184	1.56					-0.004184	0.054	
			-0.00418	1.56					-0.00418	0.052	
			-0.004176	1.56					-0.004176	0.056	
			-0.004172	1.56					-0.004172	0.056	
			-0.004168	1.56					-0.004168	0.058	
			-0.004164	1.56					-0.004164	0.058	
			-0.00416	1.56					-0.00416	0.056	
			-0.004156	1.56					-0.004156	0.054	
			-0.004152	1.56					-0.004152	0.056	
			-0.004148	1.56					-0.004148	0.056	
			-0.004144	1.56					-0.004144	0.056	
			-0.00414	1.56					-0.00414	0.056	
			-0.004136	1.56					-0.004136	0.058	
			-0.004132	1.56					-0.004132	0.056	
			-0.004128	1.56					-0.004128	0.054	
			-0.004124	1.56					-0.004124	0.058	
			-0.00412	1.56					-0.00412	0.056	
			-0.004116	1.56					-0.004116	0.06	
			-0.004112	1.56					-0.004112	0.062	
			-0.004108	1.56					-0.004108	0.056	
			-0.004104	1.56					-0.004104	0.056	
			-0.0041	1.56					-0.0041	0.06	
			-0.004096	1.56					-0.004096	0.06	
			-0.004092	1.56					-0.004092	0.062	
			-0.004088	1.56					-0.004088	0.06	
			-0.004084	1.56					-0.004084	0.062	
			-0.00408	1.56					-0.00408	0.06	
			-0.004076	1.52					-0.004076	0.066	
			-0.004072	1.56					-0.004072	0.064	
			-0.004068	1.56					-0.004068	0.066	
			-0.004064	1.56					-0.004064	0.066	
			-0.00406	1.56					-0.00406	0.066	
			-0.004056	1.52					-0.004056	0.064	
			-0.004052	1.56					-0.004052	0.066	
			-0.004048	1.56					-0.004048	0.068	
			-0.004044	1.56					-0.004044	0.068	
			-0.00404	1.52					-0.00404	0.066	
			-0.004036	1.52					-0.004036	0.068	
			-0.004032	1.56					-0.004032	0.068	
			-0.004028	1.56					-0.004028	0.068	
			-0.004024	1.56					-0.004024	0.068	
			-0.00402	1.56					-0.00402	0.064	
			-0.004016	1.56					-0.004016	0.066	
			-0.004012	1.56					-0.004012	0.064	
			-0.004008	1.52					-0.004008	0.068	
			-0.004004	1.56					-0.004004	0.066	
			-0.004	1.52					-0.004	0.064	
			-0.003996	1.52					-0.003996	0.07	
			-0.003992	1.52					-0.003992	0.07	
			-0.003988	1.52					-0.003988	0.068	
			-0.003984	1.52					-0.003984	0.072	
			-0.00398	1.52					-0.00398	0.074	
			-0.003976	1.52					-0.003976	0.072	
			-0.003972	1.56					-0.003972	0.074	
			-0.003968	1.52					-0.003968	0.07	
			-0.003964	1.56					-0.003964	0.072	
			-0.00396	1.52					-0.00396	0.072	
			-0.003956	1.52					-0.003956	0.07	
			-0.003952	1.52					-0.003952	0.072	
			-0.003948	1.52					-0.003948	0.07	
			-0.003944	1.52					-0.003944	0.074	
			-0.00394	1.52					-0.00394	0.07	
			-0.003936	1.52					-0.003936	0.076	
			-0.003932	1.52					-0.003932	0.068	
			-0.003928	1.52					-0.003928	0.074	
			-0.003924	1.52					-0.003924	0.074	
			-0.00392	1.52					-0.00392	0.076	
			-0.003916	1.56					-0.003916	0.074	
			-0.003912	1.52					-0.003912	0.074	
			-0.003908	1.56					-0.003908	0.07	
			-0.003904	1.52					-0.003904	0.076	
			-0.0039	1.52					-0.0039	0.078	
			-0.003896	1.52					-0.003896	0.078	
			-0.003892	1.52					-0.003892	0.076	
			-0.003888	1.52					-0.003888	0.078	
			-0.003884	1.52					-0.003884	0.078	
			-0.00388	1.52					-0.00388	0.08	
			-0.003876	1.52					-0.003876	0.078	
			-0.003872	1.52					-0.003872	0.078	
			-0.003868	1.52					-0.003868	0.078	
			-0.003864	1.52					-0.003864	0.08	
			-0.00386	1.52					-0.00386	0.078	
			-0.003856	1.52					-0.003856	0.08	
			-0.003852	1.52					-0.003852	0.076	
			-0.003848	1.52					-0.003848	0.078	
			-0.003844	1.52					-0.003844	0.08	
			-0.00384	1.52					-0.00384	0.08	
			-0.003836	1.52					-0.003836	0.08	
			-0.003832	1.52					-0.003832	0.078	
			-0.003828	1.52					-0.003828	0.078	
			-0.003824	1.52					-0.003824	0.084	
			-0.00382	1.52					-0.00382	0.082	
			-0.003816	1.52					-0.003816	0.086	
			-0.003812	1.52					-0.003812	0.084	
			-0.003808	1.52					-0.003808	0.082	
			-0.003804	1.52					-0.003804	0.078	
			-0.0038	1.52					-0.0038	0.084	
			-0.003796	1.52					-0.003796	0.078	
			-0.003792	1.52					-0.003792	0.08	
			-0.003788	1.52					-0.003788	0.082	
			-0.003784	1.52					-0.003784	0.082	
			-0.00378	1.52					-0.00378	0.082	
			-0.003776	1.52					-0.003776	0.084	
			-0.003772	1.52					-0.003772	0.086	
			-0.003768	1.52					-0.003768	0.084	
			-0.003764	1.52					-0.003764	0.086	
			-0.00376	1.52					-0.00376	0.084	
			-0.003756	1					-0.003756	0.086	
			-0.003752	-1.72					-0.003752	0.084	
			-0.003748	-1.68					-0.003748	0.082	
			-0.003744	-1.64					-0.003744	0.076	
			-0.00374	-1.64					-0.00374	0.078	
			-0.003736	-1.64					-0.003736	0.078	
			-0.003732	-1.64					-0.003732	0.076	
			-0.003728	-1.64					-0.003728	0.076	
			-0.003724	-1.64					-0.003724	0.076	
			-0.00372	-1.64					-0.00372	0.072	
			-0.003716	-1.64					-0.003716	0.074	
			-0.003712	-1.64					-0.003712	0.072	
			-0.003708	-1.64					-0.003708	0.072	
			-0.003704	-1.64					-0.003704	0.07	
			-0.0037	-1.64					-0.0037	0.074	
			-0.003696	-1.64					-0.003696	0.068	
			-0.003692	-1.64					-0.003692	0.072	
			-0.003688	-1.64					-0.003688	0.066	
			-0.003684	-1.64					-0.003684	0.062	
			-0.00368	-1.64					-0.00368	0.06	
			-0.003676	-1.64					-0.003676	0.062	
			-0.003672	-1.64					-0.003672	0.058	
			-0.003668	-1.64					-0.003668	0.06	
			-0.003664	-1.64					-0.003664	0.056	
			-0.00366	-1.64					-0.00366	0.06	
			-0.003656	-1.64					-0.003656	0.056	
			-0.003652	-1.64					-0.003652	0.054	
			-0.003648	-1.64					-0.003648	0.058	
			-0.003644	-1.64					-0.003644	0.052	
			-0.00364	-1.64					-0.00364	0.05	
			-0.003636	-1.64					-0.003636	0.054	
			-0.003632	-1.64					-0.003632	0.05	
			-0.003628	-1.64					-0.003628	0.052	
			-0.003624	-1.64					-0.003624	0.048	
			-0.00362	-1.64					-0.00362	0.046	
			-0.003616	-1.64					-0.003616	0.048	
			-0.003612	-1.64					-0.003612	0.05	
			-0.003608	-1.64					-0.003608	0.044	
			-0.003604	-1.64					-0.003604	0.048	
			-0.0036	-1.64					-0.0036	0.044	
			-0.003596	-1.64					-0.003596	0.044	
			-0.003592	-1.64					-0.003592	0.044	
			-0.003588	-1.64					-0.003588	0.044	
			-0.003584	-1.6					-0.003584	0.044	
			-0.00358	-1.64					-0.00358	0.042	
			-0.003576	-1.64					-0.003576	0.04	
			-0.003572	-1.6					-0.003572	0.042	
			-0.003568	-1.6					-0.003568	0.04	
			-0.003564	-1.64					-0.003564	0.036	
			-0.00356	-1.64					-0.00356	0.036	
			-0.003556	-1.64					-0.003556	0.038	
			-0.003552	-1.64					-0.003552	0.034	
			-0.003548	-1.64					-0.003548	0.034	
			-0.003544	-1.6					-0.003544	0.032	
			-0.00354	-1.64					-0.00354	0.03	
			-0.003536	-1.64					-0.003536	0.03	
			-0.003532	-1.64					-0.003532	0.03	
			-0.003528	-1.6					-0.003528	0.034	
			-0.003524	-1.64					-0.003524	0.03	
			-0.00352	-1.6					-0.00352	0.03	
			-0.003516	-1.64					-0.003516	0.032	
			-0.003512	-1.64					-0.003512	0.024	
			-0.003508	-1.6					-0.003508	0.026	
			-0.003504	-1.6					-0.003504	0.024	
			-0.0035	-1.64					-0.0035	0.026	
			-0.003496	-1.6					-0.003496	0.026	
			-0.003492	-1.64					-0.003492	0.024	
			-0.003488	-1.6					-0.003488	0.024	
			-0.003484	-1.64					-0.003484	0.022	
			-0.00348	-1.6					-0.00348	0.016	
			-0.003476	-1.6					-0.003476	0.02	
			-0.003472	-1.6					-0.003472	0.02	
			-0.003468	-1.6					-0.003468	0.022	
			-0.003464	-1.6					-0.003464	0.018	
			-0.00346	-1.6					-0.00346	0.018	
			-0.003456	-1.6					-0.003456	0.014	
			-0.003452	-1.6					-0.003452	0.014	
			-0.003448	-1.6					-0.003448	0.014	
			-0.003444	-1.6					-0.003444	0.01	
			-0.00344	-1.6					-0.00344	0.016	
			-0.003436	-1.6					-0.003436	0.014	
			-0.003432	-1.6					-0.003432	0.014	
			-0.003428	-1.6					-0.003428	0.01	
			-0.003424	-1.6					-0.003424	0.012	
			-0.00342	-1.6					-0.00342	0.008	
			-0.003416	-1.6					-0.003416	0.008	
			-0.003412	-1.6					-0.003412	0.008	
			-0.003408	-1.6					-0.003408	0.008	
			-0.003404	-1.6					-0.003404	0.008	
			-0.0034	-1.6					-0.0034	0.008	
			-0.003396	-1.6					-0.003396	0.008	
			-0.003392	-1.6					-0.003392	0.008	
			-0.003388	-1.6					-0.003388	0.004	
			-0.003384	-1.6					-0.003384	0.002	
			-0.00338	-1.6					-0.00338	0.006	
			-0.003376	-1.6					-0.003376	0.004	
			-0.003372	-1.6					-0.003372	0	
			-0.003368	-1.6					-0.003368	-0.002	
			-0.003364	-1.6					-0.003364	0	
			-0.00336	-1.6					-0.00336	0.002	
			-0.003356	-1.6					-0.003356	0	
			-0.003352	-1.6					-0.003352	-0.002	
			-0.003348	-1.6					-0.003348	-0.002	
			-0.003344	-1.6					-0.003344	-0.002	
			-0.00334	-1.6					-0.00334	0.004	
			-0.003336	-1.6					-0.003336	0	
			-0.003332	-1.6					-0.003332	-0.004	
			-0.003328	-1.6					-0.003328	-0.008	
			-0.003324	-1.6					-0.003324	-0.006	
			-0.00332	-1.6					-0.00332	-0.004	
			-0.003316	-1.6					-0.003316	-0.006	
			-0.003312	-1.6					-0.003312	-0.008	
			-0.003308	-1.6					-0.003308	-0.008	
			-0.003304	-1.6					-0.003304	-0.008	
			-0.0033	-1.6					-0.0033	-0.008	
			-0.003296	-1.6					-0.003296	-0.006	
			-0.003292	-1.6					-0.003292	-0.01	
			-0.003288	-1.6					-0.003288	-0.008	
			-0.003284	-1.6					-0.003284	-0.01	
			-0.00328	-1.6					-0.00328	-0.014	
			-0.003276	-1.6					-0.003276	-0.01	
			-0.003272	-1.6					-0.003272	-0.012	
			-0.003268	-1.6					-0.003268	-0.014	
			-0.003264	-1.6					-0.003264	-0.018	
			-0.00326	-1.6					-0.00326	-0.016	
			-0.003256	-1.6					-0.003256	-0.014	
			-0.003252	-1.6					-0.003252	-0.016	
			-0.003248	-1.6					-0.003248	-0.016	
			-0.003244	-1.56					-0.003244	-0.014	
			-0.00324	-1.6					-0.00324	-0.016	
			-0.003236	-1.6					-0.003236	-0.018	
			-0.003232	-1.6					-0.003232	-0.02	
			-0.003228	-1.6					-0.003228	-0.02	
			-0.003224	-1.6					-0.003224	-0.018	
			-0.00322	-1.56					-0.00322	-0.02	
			-0.003216	-1.6					-0.003216	-0.024	
			-0.003212	-1.56					-0.003212	-0.022	
			-0.003208	-1.56					-0.003208	-0.02	
			-0.003204	-1.56					-0.003204	-0.024	
			-0.0032	-1.6					-0.0032	-0.022	
			-0.003196	-1.6					-0.003196	-0.024	
			-0.003192	-1.6					-0.003192	-0.024	
			-0.003188	-1.6					-0.003188	-0.028	
			-0.003184	-1.6					-0.003184	-0.024	
			-0.00318	-1.56					-0.00318	-0.02	
			-0.003176	-1.56					-0.003176	-0.024	
			-0.003172	-1.56					-0.003172	-0.03	
			-0.003168	-1.56					-0.003168	-0.028	
			-0.003164	-1.6					-0.003164	-0.028	
			-0.00316	-1.6					-0.00316	-0.03	
			-0.003156	-1.56					-0.003156	-0.028	
			-0.003152	-1.56					-0.003152	-0.028	
			-0.003148	-1.56					-0.003148	-0.028	
			-0.003144	-1.56					-0.003144	-0.028	
			-0.00314	-1.56					-0.00314	-0.028	
			-0.003136	-1.56					-0.003136	-0.03	
			-0.003132	-1.56					-0.003132	-0.028	
			-0.003128	-1.56					-0.003128	-0.036	
			-0.003124	-1.56					-0.003124	-0.034	
			-0.00312	-1.56					-0.00312	-0.034	
			-0.003116	-1.56					-0.003116	-0.032	
			-0.003112	-1.56					-0.003112	-0.03	
			-0.003108	-1.56					-0.003108	-0.034	
			-0.003104	-1.56					-0.003104	-0.03	
			-0.0031	-1.56					-0.0031	-0.034	
			-0.003096	-1.56					-0.003096	-0.038	
			-0.003092	-1.56					-0.003092	-0.036	
			-0.003088	-1.56					-0.003088	-0.04	
			-0.003084	-1.6					-0.003084	-0.036	
			-0.00308	-1.56					-0.00308	-0.04	
			-0.003076	-1.56					-0.003076	-0.038	
			-0.003072	-1.56					-0.003072	-0.04	
			-0.003068	-1.56					-0.003068	-0.038	
			-0.003064	-1.56					-0.003064	-0.038	
			-0.00306	-1.56					-0.00306	-0.04	
			-0.003056	-1.56					-0.003056	-0.04	
			-0.003052	-1.56					-0.003052	-0.042	
			-0.003048	-1.56					-0.003048	-0.044	
			-0.003044	-1.56					-0.003044	-0.042	
			-0.00304	-1.56					-0.00304	-0.042	
			-0.003036	-1.56					-0.003036	-0.044	
			-0.003032	-1.56					-0.003032	-0.04	
			-0.003028	-1.56					-0.003028	-0.044	
			-0.003024	-1.56					-0.003024	-0.046	
			-0.00302	-1.56					-0.00302	-0.046	
			-0.003016	-1.56					-0.003016	-0.046	
			-0.003012	-1.56					-0.003012	-0.046	
			-0.003008	-1.56					-0.003008	-0.046	
			-0.003004	-1.56					-0.003004	-0.05	
			-0.003	-1.56					-0.003	-0.048	
			-0.002996	-1.56					-0.002996	-0.048	
			-0.002992	-1.56					-0.002992	-0.05	
			-0.002988	-1.56					-0.002988	-0.052	
			-0.002984	-1.56					-0.002984	-0.048	
			-0.00298	-1.56					-0.00298	-0.052	
			-0.002976	-1.56					-0.002976	-0.05	
			-0.002972	-1.56					-0.002972	-0.05	
			-0.002968	-1.56					-0.002968	-0.05	
			-0.002964	-1.56					-0.002964	-0.05	
			-0.00296	-1.56					-0.00296	-0.05	
			-0.002956	-1.56					-0.002956	-0.052	
			-0.002952	-1.56					-0.002952	-0.052	
			-0.002948	-1.56					-0.002948	-0.056	
			-0.002944	-1.56					-0.002944	-0.052	
			-0.00294	-1.56					-0.00294	-0.05	
			-0.002936	-1.56					-0.002936	-0.048	
			-0.002932	-1.56					-0.002932	-0.048	
			-0.002928	-1.56					-0.002928	-0.054	
			-0.002924	-1.56					-0.002924	-0.058	
			-0.00292	-1.56					-0.00292	-0.056	
			-0.002916	-1.56					-0.002916	-0.056	
			-0.002912	-1.56					-0.002912	-0.058	
			-0.002908	-1.56					-0.002908	-0.056	
			-0.002904	-1.56					-0.002904	-0.056	
			-0.0029	-1.56					-0.0029	-0.056	
			-0.002896	-1.56					-0.002896	-0.054	
			-0.002892	-1.56					-0.002892	-0.06	
			-0.002888	-1.56					-0.002888	-0.062	
			-0.002884	-1.56					-0.002884	-0.058	
			-0.00288	-1.56					-0.00288	-0.058	
			-0.002876	-1.56					-0.002876	-0.06	
			-0.002872	-1.56					-0.002872	-0.06	
			-0.002868	-1.52					-0.002868	-0.058	
			-0.002864	-1.52					-0.002864	-0.06	
			-0.00286	-1.56					-0.00286	-0.06	
			-0.002856	-1.52					-0.002856	-0.062	
			-0.002852	-1.56					-0.002852	-0.06	
			-0.002848	-1.52					-0.002848	-0.066	
			-0.002844	-1.52					-0.002844	-0.058	
			-0.00284	-1.56					-0.00284	-0.062	
			-0.002836	-1.52					-0.002836	-0.062	
			-0.002832	-1.52					-0.002832	-0.06	
			-0.002828	-1.52					-0.002828	-0.062	
			-0.002824	-1.52					-0.002824	-0.062	
			-0.00282	-1.52					-0.00282	-0.062	
			-0.002816	-1.56					-0.002816	-0.062	
			-0.002812	-1.52					-0.002812	-0.066	
			-0.002808	-1.52					-0.002808	-0.066	
			-0.002804	-1.52					-0.002804	-0.068	
			-0.0028	-1.52					-0.0028	-0.064	
			-0.002796	-1.52					-0.002796	-0.066	
			-0.002792	-1.52					-0.002792	-0.066	
			-0.002788	-1.52					-0.002788	-0.068	
			-0.002784	-1.52					-0.002784	-0.064	
			-0.00278	-1.52					-0.00278	-0.064	
			-0.002776	-1.52					-0.002776	-0.068	
			-0.002772	-1.52					-0.002772	-0.066	
			-0.002768	-1.52					-0.002768	-0.07	
			-0.002764	-1.52					-0.002764	-0.066	
			-0.00276	-1.52					-0.00276	-0.068	
			-0.002756	-1.52					-0.002756	-0.07	
			-0.002752	-1.52					-0.002752	-0.07	
			-0.002748	-1.52					-0.002748	-0.072	
			-0.002744	-1.52					-0.002744	-0.072	
			-0.00274	-1.52					-0.00274	-0.07	
			-0.002736	-1.52					-0.002736	-0.07	
			-0.002732	-1.52					-0.002732	-0.072	
			-0.002728	-1.52					-0.002728	-0.072	
			-0.002724	-1.52					-0.002724	-0.07	
			-0.00272	-1.52					-0.00272	-0.074	
			-0.002716	-1.52					-0.002716	-0.074	
			-0.002712	-1.52					-0.002712	-0.074	
			-0.002708	-1.52					-0.002708	-0.072	
			-0.002704	-1.52					-0.002704	-0.07	
			-0.0027	-1.52					-0.0027	-0.072	
			-0.002696	-1.52					-0.002696	-0.072	
			-0.002692	-1.52					-0.002692	-0.078	
			-0.002688	-1.52					-0.002688	-0.076	
			-0.002684	-1.52					-0.002684	-0.072	
			-0.00268	-1.52					-0.00268	-0.078	
			-0.002676	-1.52					-0.002676	-0.076	
			-0.002672	-1.52					-0.002672	-0.074	
			-0.002668	-1.52					-0.002668	-0.076	
			-0.002664	-1.52					-0.002664	-0.076	
			-0.00266	-1.52					-0.00266	-0.074	
			-0.002656	-1.52					-0.002656	-0.076	
			-0.002652	-1.52					-0.002652	-0.08	
			-0.002648	-1.52					-0.002648	-0.08	
			-0.002644	-1.52					-0.002644	-0.078	
			-0.00264	-1.52					-0.00264	-0.076	
			-0.002636	-1.52					-0.002636	-0.076	
			-0.002632	-1.52					-0.002632	-0.076	
			-0.002628	-1.52					-0.002628	-0.078	
			-0.002624	-1.52					-0.002624	-0.078	
			-0.00262	-1.52					-0.00262	-0.076	
			-0.002616	-1.52					-0.002616	-0.08	
			-0.002612	-1.52					-0.002612	-0.078	
			-0.002608	-1.52					-0.002608	-0.078	
			-0.002604	-1.52					-0.002604	-0.078	
			-0.0026	-1.52					-0.0026	-0.078	
			-0.002596	-1.52					-0.002596	-0.078	
			-0.002592	-1.52					-0.002592	-0.082	
			-0.002588	-1.52					-0.002588	-0.082	
			-0.002584	-1.52					-0.002584	-0.084	
			-0.00258	-1.52					-0.00258	-0.082	
			-0.002576	-1.52					-0.002576	-0.086	
			-0.002572	-1.52					-0.002572	-0.084	
			-0.002568	-1.52					-0.002568	-0.08	
			-0.002564	-1.52					-0.002564	-0.082	
			-0.00256	-1.52					-0.00256	-0.084	
			-0.002556	-1.52					-0.002556	-0.082	
			-0.002552	-1.52					-0.002552	-0.082	
			-0.002548	-1.52					-0.002548	-0.08	
			-0.002544	-1.52					-0.002544	-0.08	
			-0.00254	-1.52					-0.00254	-0.08	
			-0.002536	-1.52					-0.002536	-0.082	
			-0.002532	-1.48					-0.002532	-0.084	
			-0.002528	-1.52					-0.002528	-0.086	
			-0.002524	-1.52					-0.002524	-0.086	
			-0.00252	-1.52					-0.00252	-0.082	
			-0.002516	-1.52					-0.002516	-0.084	
			-0.002512	-1.52					-0.002512	-0.084	
			-0.002508	-1.52					-0.002508	-0.086	
			-0.002504	0.44					-0.002504	-0.09	
			-0.0025	1.8					-0.0025	-0.086	
			-0.002496	1.68					-0.002496	-0.082	
			-0.002492	1.64					-0.002492	-0.082	
			-0.002488	1.64					-0.002488	-0.082	
			-0.002484	1.68					-0.002484	-0.078	
			-0.00248	1.64					-0.00248	-0.076	
			-0.002476	1.68					-0.002476	-0.076	
			-0.002472	1.68					-0.002472	-0.074	
			-0.002468	1.64					-0.002468	-0.074	
			-0.002464	1.64					-0.002464	-0.07	
			-0.00246	1.64					-0.00246	-0.07	
			-0.002456	1.64					-0.002456	-0.072	
			-0.002452	1.64					-0.002452	-0.07	
			-0.002448	1.64					-0.002448	-0.072	
			-0.002444	1.64					-0.002444	-0.068	
			-0.00244	1.64					-0.00244	-0.066	
			-0.002436	1.64					-0.002436	-0.066	
			-0.002432	1.64					-0.002432	-0.062	
			-0.002428	1.64					-0.002428	-0.062	
			-0.002424	1.64					-0.002424	-0.064	
			-0.00242	1.64					-0.00242	-0.066	
			-0.002416	1.64					-0.002416	-0.06	
			-0.002412	1.64					-0.002412	-0.06	
			-0.002408	1.64					-0.002408	-0.058	
			-0.002404	1.64					-0.002404	-0.058	
			-0.0024	1.64					-0.0024	-0.056	
			-0.002396	1.64					-0.002396	-0.054	
			-0.002392	1.64					-0.002392	-0.06	
			-0.002388	1.64					-0.002388	-0.052	
			-0.002384	1.64					-0.002384	-0.054	
			-0.00238	1.64					-0.00238	-0.05	
			-0.002376	1.64					-0.002376	-0.048	
			-0.002372	1.64					-0.002372	-0.05	
			-0.002368	1.64					-0.002368	-0.048	
			-0.002364	1.64					-0.002364	-0.05	
			-0.00236	1.64					-0.00236	-0.046	
			-0.002356	1.64					-0.002356	-0.046	
			-0.002352	1.64					-0.002352	-0.042	
			-0.002348	1.64					-0.002348	-0.046	
			-0.002344	1.64					-0.002344	-0.05	
			-0.00234	1.64					-0.00234	-0.046	
			-0.002336	1.64					-0.002336	-0.042	
			-0.002332	1.64					-0.002332	-0.042	
			-0.002328	1.64					-0.002328	-0.044	
			-0.002324	1.64					-0.002324	-0.04	
			-0.00232	1.64					-0.00232	-0.042	
			-0.002316	1.64					-0.002316	-0.04	
			-0.002312	1.64					-0.002312	-0.04	
			-0.002308	1.64					-0.002308	-0.04	
			-0.002304	1.64					-0.002304	-0.036	
			-0.0023	1.64					-0.0023	-0.032	
			-0.002296	1.64					-0.002296	-0.036	
			-0.002292	1.64					-0.002292	-0.034	
			-0.002288	1.64					-0.002288	-0.03	
			-0.002284	1.64					-0.002284	-0.032	
			-0.00228	1.64					-0.00228	-0.034	
			-0.002276	1.64					-0.002276	-0.03	
			-0.002272	1.64					-0.002272	-0.03	
			-0.002268	1.64					-0.002268	-0.03	
			-0.002264	1.64					-0.002264	-0.028	
			-0.00226	1.64					-0.00226	-0.028	
			-0.002256	1.64					-0.002256	-0.024	
			-0.002252	1.64					-0.002252	-0.026	
			-0.002248	1.64					-0.002248	-0.028	
			-0.002244	1.64					-0.002244	-0.026	
			-0.00224	1.64					-0.00224	-0.024	
			-0.002236	1.64					-0.002236	-0.02	
			-0.002232	1.64					-0.002232	-0.02	
			-0.002228	1.64					-0.002228	-0.02	
			-0.002224	1.64					-0.002224	-0.024	
			-0.00222	1.64					-0.00222	-0.018	
			-0.002216	1.6					-0.002216	-0.02	
			-0.002212	1.6					-0.002212	-0.016	
			-0.002208	1.64					-0.002208	-0.014	
			-0.002204	1.64					-0.002204	-0.016	
			-0.0022	1.64					-0.0022	-0.016	
			-0.002196	1.64					-0.002196	-0.014	
			-0.002192	1.6					-0.002192	-0.012	
			-0.002188	1.6					-0.002188	-0.014	
			-0.002184	1.6					-0.002184	-0.012	
			-0.00218	1.6					-0.00218	-0.016	
			-0.002176	1.6					-0.002176	-0.012	
			-0.002172	1.6					-0.002172	-0.014	
			-0.002168	1.6					-0.002168	-0.01	
			-0.002164	1.6					-0.002164	-0.01	
			-0.00216	1.6					-0.00216	-0.008	
			-0.002156	1.6					-0.002156	-0.008	
			-0.002152	1.6					-0.002152	-0.008	
			-0.002148	1.6					-0.002148	-0.008	
			-0.002144	1.6					-0.002144	-0.006	
			-0.00214	1.6					-0.00214	-0.004	
			-0.002136	1.6					-0.002136	-0.006	
			-0.002132	1.6					-0.002132	-0.006	
			-0.002128	1.6					-0.002128	-0.006	
			-0.002124	1.6					-0.002124	-0.004	
			-0.00212	1.6					-0.00212	0	
			-0.002116	1.6					-0.002116	0	
			-0.002112	1.6					-0.002112	-0.002	
			-0.002108	1.6					-0.002108	-0.004	
			-0.002104	1.6					-0.002104	0	
			-0.0021	1.6					-0.0021	0	
			-0.002096	1.6					-0.002096	0	
			-0.002092	1.6					-0.002092	0	
			-0.002088	1.6					-0.002088	0	
			-0.002084	1.6					-0.002084	0.004	
			-0.00208	1.6					-0.00208	0.004	
			-0.002076	1.6					-0.002076	0.004	
			-0.002072	1.6					-0.002072	0.004	
			-0.002068	1.6					-0.002068	0.004	
			-0.002064	1.6					-0.002064	0.006	
			-0.00206	1.6					-0.00206	0.006	
			-0.002056	1.6					-0.002056	0.006	
			-0.002052	1.6					-0.002052	0.004	
			-0.002048	1.6					-0.002048	0.012	
			-0.002044	1.6					-0.002044	0.008	
			-0.00204	1.6					-0.00204	0.01	
			-0.002036	1.6					-0.002036	0.006	
			-0.002032	1.6					-0.002032	0.012	
			-0.002028	1.6					-0.002028	0.012	
			-0.002024	1.6					-0.002024	0.018	
			-0.00202	1.6					-0.00202	0.012	
			-0.002016	1.6					-0.002016	0.014	
			-0.002012	1.6					-0.002012	0.014	
			-0.002008	1.6					-0.002008	0.016	
			-0.002004	1.6					-0.002004	0.016	
			-0.002	1.6					-0.002	0.01	
			-0.001996	1.6					-0.001996	0.018	
			-0.001992	1.6					-0.001992	0.016	
			-0.001988	1.6					-0.001988	0.016	
			-0.001984	1.6					-0.001984	0.022	
			-0.00198	1.6					-0.00198	0.022	
			-0.001976	1.6					-0.001976	0.018	
			-0.001972	1.6					-0.001972	0.016	
			-0.001968	1.6					-0.001968	0.022	
			-0.001964	1.6					-0.001964	0.02	
			-0.00196	1.6					-0.00196	0.024	
			-0.001956	1.6					-0.001956	0.02	
			-0.001952	1.6					-0.001952	0.026	
			-0.001948	1.6					-0.001948	0.02	
			-0.001944	1.56					-0.001944	0.024	
			-0.00194	1.6					-0.00194	0.022	
			-0.001936	1.6					-0.001936	0.022	
			-0.001932	1.6					-0.001932	0.022	
			-0.001928	1.6					-0.001928	0.024	
			-0.001924	1.6					-0.001924	0.026	
			-0.00192	1.6					-0.00192	0.024	
			-0.001916	1.56					-0.001916	0.028	
			-0.001912	1.56					-0.001912	0.03	
			-0.001908	1.6					-0.001908	0.028	
			-0.001904	1.6					-0.001904	0.03	
			-0.0019	1.6					-0.0019	0.026	
			-0.001896	1.56					-0.001896	0.028	
			-0.001892	1.6					-0.001892	0.024	
			-0.001888	1.6					-0.001888	0.028	
			-0.001884	1.56					-0.001884	0.032	
			-0.00188	1.6					-0.00188	0.034	
			-0.001876	1.56					-0.001876	0.032	
			-0.001872	1.6					-0.001872	0.028	
			-0.001868	1.56					-0.001868	0.032	
			-0.001864	1.6					-0.001864	0.032	
			-0.00186	1.6					-0.00186	0.034	
			-0.001856	1.56					-0.001856	0.036	
			-0.001852	1.56					-0.001852	0.034	
			-0.001848	1.56					-0.001848	0.034	
			-0.001844	1.6					-0.001844	0.032	
			-0.00184	1.56					-0.00184	0.034	
			-0.001836	1.6					-0.001836	0.036	
			-0.001832	1.56					-0.001832	0.036	
			-0.001828	1.56					-0.001828	0.036	
			-0.001824	1.56					-0.001824	0.036	
			-0.00182	1.6					-0.00182	0.038	
			-0.001816	1.56					-0.001816	0.034	
			-0.001812	1.56					-0.001812	0.036	
			-0.001808	1.56					-0.001808	0.036	
			-0.001804	1.56					-0.001804	0.04	
			-0.0018	1.56					-0.0018	0.042	
			-0.001796	1.56					-0.001796	0.04	
			-0.001792	1.56					-0.001792	0.044	
			-0.001788	1.56					-0.001788	0.044	
			-0.001784	1.56					-0.001784	0.046	
			-0.00178	1.56					-0.00178	0.042	
			-0.001776	1.56					-0.001776	0.04	
			-0.001772	1.56					-0.001772	0.044	
			-0.001768	1.56					-0.001768	0.046	
			-0.001764	1.56					-0.001764	0.046	
			-0.00176	1.56					-0.00176	0.044	
			-0.001756	1.56					-0.001756	0.046	
			-0.001752	1.56					-0.001752	0.044	
			-0.001748	1.56					-0.001748	0.048	
			-0.001744	1.56					-0.001744	0.048	
			-0.00174	1.56					-0.00174	0.044	
			-0.001736	1.56					-0.001736	0.046	
			-0.001732	1.56					-0.001732	0.05	
			-0.001728	1.56					-0.001728	0.054	
			-0.001724	1.56					-0.001724	0.048	
			-0.00172	1.56					-0.00172	0.05	
			-0.001716	1.56					-0.001716	0.05	
			-0.001712	1.56					-0.001712	0.05	
			-0.001708	1.56					-0.001708	0.05	
			-0.001704	1.56					-0.001704	0.052	
			-0.0017	1.56					-0.0017	0.054	
			-0.001696	1.56					-0.001696	0.054	
			-0.001692	1.56					-0.001692	0.054	
			-0.001688	1.56					-0.001688	0.052	
			-0.001684	1.56					-0.001684	0.05	
			-0.00168	1.56					-0.00168	0.05	
			-0.001676	1.56					-0.001676	0.05	
			-0.001672	1.56					-0.001672	0.056	
			-0.001668	1.56					-0.001668	0.054	
			-0.001664	1.56					-0.001664	0.058	
			-0.00166	1.56					-0.00166	0.056	
			-0.001656	1.56					-0.001656	0.054	
			-0.001652	1.56					-0.001652	0.054	
			-0.001648	1.56					-0.001648	0.056	
			-0.001644	1.56					-0.001644	0.056	
			-0.00164	1.56					-0.00164	0.054	
			-0.001636	1.56					-0.001636	0.054	
			-0.001632	1.56					-0.001632	0.056	
			-0.001628	1.56					-0.001628	0.056	
			-0.001624	1.56					-0.001624	0.06	
			-0.00162	1.56					-0.00162	0.058	
			-0.001616	1.56					-0.001616	0.06	
			-0.001612	1.56					-0.001612	0.06	
			-0.001608	1.56					-0.001608	0.062	
			-0.001604	1.56					-0.001604	0.058	
			-0.0016	1.56					-0.0016	0.062	
			-0.001596	1.52					-0.001596	0.064	
			-0.001592	1.56					-0.001592	0.064	
			-0.001588	1.56					-0.001588	0.066	
			-0.001584	1.52					-0.001584	0.062	
			-0.00158	1.56					-0.00158	0.062	
			-0.001576	1.56					-0.001576	0.062	
			-0.001572	1.56					-0.001572	0.062	
			-0.001568	1.56					-0.001568	0.06	
			-0.001564	1.56					-0.001564	0.06	
			-0.00156	1.56					-0.00156	0.064	
			-0.001556	1.56					-0.001556	0.066	
			-0.001552	1.56					-0.001552	0.066	
			-0.001548	1.52					-0.001548	0.064	
			-0.001544	1.56					-0.001544	0.064	
			-0.00154	1.56					-0.00154	0.066	
			-0.001536	1.52					-0.001536	0.064	
			-0.001532	1.56					-0.001532	0.064	
			-0.001528	1.56					-0.001528	0.068	
			-0.001524	1.52					-0.001524	0.068	
			-0.00152	1.56					-0.00152	0.066	
			-0.001516	1.52					-0.001516	0.07	
			-0.001512	1.56					-0.001512	0.072	
			-0.001508	1.56					-0.001508	0.07	
			-0.001504	1.56					-0.001504	0.066	
			-0.0015	1.52					-0.0015	0.066	
			-0.001496	1.56					-0.001496	0.066	
			-0.001492	1.52					-0.001492	0.07	
			-0.001488	1.56					-0.001488	0.072	
			-0.001484	1.56					-0.001484	0.07	
			-0.00148	1.52					-0.00148	0.07	
			-0.001476	1.52					-0.001476	0.07	
			-0.001472	1.52					-0.001472	0.068	
			-0.001468	1.52					-0.001468	0.068	
			-0.001464	1.52					-0.001464	0.068	
			-0.00146	1.56					-0.00146	0.07	
			-0.001456	1.52					-0.001456	0.072	
			-0.001452	1.52					-0.001452	0.07	
			-0.001448	1.52					-0.001448	0.07	
			-0.001444	1.52					-0.001444	0.072	
			-0.00144	1.52					-0.00144	0.074	
			-0.001436	1.52					-0.001436	0.072	
			-0.001432	1.52					-0.001432	0.076	
			-0.001428	1.52					-0.001428	0.078	
			-0.001424	1.52					-0.001424	0.072	
			-0.00142	1.52					-0.00142	0.074	
			-0.001416	1.52					-0.001416	0.074	
			-0.001412	1.52					-0.001412	0.074	
			-0.001408	1.52					-0.001408	0.076	
			-0.001404	1.52					-0.001404	0.074	
			-0.0014	1.52					-0.0014	0.076	
			-0.001396	1.52					-0.001396	0.078	
			-0.001392	1.52					-0.001392	0.078	
			-0.001388	1.52					-0.001388	0.078	
			-0.001384	1.52					-0.001384	0.074	
			-0.00138	1.52					-0.00138	0.078	
			-0.001376	1.52					-0.001376	0.078	
			-0.001372	1.52					-0.001372	0.078	
			-0.001368	1.52					-0.001368	0.08	
			-0.001364	1.52					-0.001364	0.074	
			-0.00136	1.52					-0.00136	0.08	
			-0.001356	1.52					-0.001356	0.078	
			-0.001352	1.52					-0.001352	0.08	
			-0.001348	1.52					-0.001348	0.078	
			-0.001344	1.52					-0.001344	0.078	
			-0.00134	1.52					-0.00134	0.078	
			-0.001336	1.52					-0.001336	0.078	
			-0.001332	1.52					-0.001332	0.078	
			-0.001328	1.52					-0.001328	0.084	
			-0.001324	1.52					-0.001324	0.084	
			-0.00132	1.52					-0.00132	0.082	
			-0.001316	1.52					-0.001316	0.082	
			-0.001312	1.52					-0.001312	0.084	
			-0.001308	1.52					-0.001308	0.086	
			-0.001304	1.52					-0.001304	0.084	
			-0.0013	1.52					-0.0013	0.086	
			-0.001296	1.52					-0.001296	0.08	
			-0.001292	1.52					-0.001292	0.084	
			-0.001288	1.52					-0.001288	0.084	
			-0.001284	1.52					-0.001284	0.086	
			-0.00128	1.52					-0.00128	0.084	
			-0.001276	1.52					-0.001276	0.086	
			-0.001272	1.48					-0.001272	0.084	
			-0.001268	1.52					-0.001268	0.082	
			-0.001264	1.52					-0.001264	0.082	
			-0.00126	1.52					-0.00126	0.084	
			-0.001256	0.96					-0.001256	0.086	
			-0.001252	-1.72					-0.001252	0.086	
			-0.001248	-1.68					-0.001248	0.084	
			-0.001244	-1.64					-0.001244	0.08	
			-0.00124	-1.64					-0.00124	0.078	
			-0.001236	-1.64					-0.001236	0.076	
			-0.001232	-1.64					-0.001232	0.076	
			-0.001228	-1.64					-0.001228	0.074	
			-0.001224	-1.64					-0.001224	0.076	
			-0.00122	-1.64					-0.00122	0.072	
			-0.001216	-1.64					-0.001216	0.072	
			-0.001212	-1.64					-0.001212	0.07	
			-0.001208	-1.68					-0.001208	0.07	
			-0.001204	-1.64					-0.001204	0.066	
			-0.0012	-1.64					-0.0012	0.07	
			-0.001196	-1.68					-0.001196	0.066	
			-0.001192	-1.64					-0.001192	0.07	
			-0.001188	-1.64					-0.001188	0.066	
			-0.001184	-1.64					-0.001184	0.066	
			-0.00118	-1.64					-0.00118	0.06	
			-0.001176	-1.64					-0.001176	0.06	
			-0.001172	-1.64					-0.001172	0.06	
			-0.001168	-1.64					-0.001168	0.062	
			-0.001164	-1.64					-0.001164	0.062	
			-0.00116	-1.64					-0.00116	0.06	
			-0.001156	-1.64					-0.001156	0.058	
			-0.001152	-1.64					-0.001152	0.06	
			-0.001148	-1.64					-0.001148	0.058	
			-0.001144	-1.64					-0.001144	0.056	
			-0.00114	-1.64					-0.00114	0.054	
			-0.001136	-1.64					-0.001136	0.054	
			-0.001132	-1.64					-0.001132	0.05	
			-0.001128	-1.64					-0.001128	0.05	
			-0.001124	-1.64					-0.001124	0.052	
			-0.00112	-1.64					-0.00112	0.048	
			-0.001116	-1.64					-0.001116	0.05	
			-0.001112	-1.64					-0.001112	0.046	
			-0.001108	-1.64					-0.001108	0.046	
			-0.001104	-1.64					-0.001104	0.046	
			-0.0011	-1.64					-0.0011	0.05	
			-0.001096	-1.64					-0.001096	0.044	
			-0.001092	-1.64					-0.001092	0.046	
			-0.001088	-1.64					-0.001088	0.044	
			-0.001084	-1.64					-0.001084	0.048	
			-0.00108	-1.64					-0.00108	0.042	
			-0.001076	-1.64					-0.001076	0.042	
			-0.001072	-1.64					-0.001072	0.036	
			-0.001068	-1.64					-0.001068	0.04	
			-0.001064	-1.6					-0.001064	0.036	
			-0.00106	-1.64					-0.00106	0.038	
			-0.001056	-1.64					-0.001056	0.036	
			-0.001052	-1.64					-0.001052	0.034	
			-0.001048	-1.64					-0.001048	0.036	
			-0.001044	-1.64					-0.001044	0.034	
			-0.00104	-1.64					-0.00104	0.034	
			-0.001036	-1.64					-0.001036	0.034	
			-0.001032	-1.64					-0.001032	0.028	
			-0.001028	-1.6					-0.001028	0.03	
			-0.001024	-1.6					-0.001024	0.03	
			-0.00102	-1.64					-0.00102	0.026	
			-0.001016	-1.64					-0.001016	0.026	
			-0.001012	-1.64					-0.001012	0.026	
			-0.001008	-1.64					-0.001008	0.03	
			-0.001004	-1.64					-0.001004	0.028	
			-0.001	-1.64					-0.001	0.026	
			-0.000996	-1.64					-0.000996	0.022	
			-0.000992	-1.64					-0.000992	0.02	
			-0.000988	-1.6					-0.000988	0.024	
			-0.000984	-1.6					-0.000984	0.022	
			-0.00098	-1.64					-0.00098	0.02	
			-0.000976	-1.6					-0.000976	0.018	
			-0.000972	-1.64					-0.000972	0.02	
			-0.000968	-1.6					-0.000968	0.018	
			-0.000964	-1.64					-0.000964	0.016	
			-0.00096	-1.6					-0.00096	0.018	
			-0.000956	-1.6					-0.000956	0.02	
			-0.000952	-1.6					-0.000952	0.018	
			-0.000948	-1.6					-0.000948	0.018	
			-0.000944	-1.6					-0.000944	0.016	
			-0.00094	-1.6					-0.00094	0.016	
			-0.000936	-1.6					-0.000936	0.014	
			-0.000932	-1.6					-0.000932	0.016	
			-0.000928	-1.6					-0.000928	0.012	
			-0.000924	-1.6					-0.000924	0.012	
			-0.00092	-1.6					-0.00092	0.01	
			-0.000916	-1.6					-0.000916	0.012	
			-0.000912	-1.6					-0.000912	0.01	
			-0.000908	-1.6					-0.000908	0.01	
			-0.000904	-1.6					-0.000904	0.008	
			-0.0009	-1.6					-0.0009	0.008	
			-0.000896	-1.6					-0.000896	0.008	
			-0.000892	-1.6					-0.000892	0.004	
			-0.000888	-1.6					-0.000888	0.004	
			-0.000884	-1.6					-0.000884	0.006	
			-0.00088	-1.6					-0.00088	0.004	
			-0.000876	-1.6					-0.000876	0.002	
			-0.000872	-1.6					-0.000872	0.004	
			-0.000868	-1.6					-0.000868	0.006	
			-0.000864	-1.6					-0.000864	-0.002	
			-0.00086	-1.6					-0.00086	0.002	
			-0.000856	-1.6					-0.000856	-0.002	
			-0.000852	-1.6					-0.000852	0.002	
			-0.000848	-1.6					-0.000848	0.004	
			-0.000844	-1.6					-0.000844	-0.002	
			-0.00084	-1.6					-0.00084	-0.006	
			-0.000836	-1.6					-0.000836	-0.002	
			-0.000832	-1.6					-0.000832	-0.004	
			-0.000828	-1.6					-0.000828	-0.004	
			-0.000824	-1.6					-0.000824	0.002	
			-0.00082	-1.6					-0.00082	-0.006	
			-0.000816	-1.6					-0.000816	-0.006	
			-0.000812	-1.6					-0.000812	-0.008	
			-0.000808	-1.6					-0.000808	-0.006	
			-0.000804	-1.6					-0.000804	-0.008	
			-0.0008	-1.6					-0.0008	-0.008	
			-0.000796	-1.6					-0.000796	-0.006	
			-0.000792	-1.6					-0.000792	-0.004	
			-0.000788	-1.6					-0.000788	-0.014	
			-0.000784	-1.6					-0.000784	-0.01	
			-0.00078	-1.6					-0.00078	-0.01	
			-0.000776	-1.6					-0.000776	-0.012	
			-0.000772	-1.6					-0.000772	-0.012	
			-0.000768	-1.6					-0.000768	-0.012	
			-0.000764	-1.6					-0.000764	-0.01	
			-0.00076	-1.6					-0.00076	-0.01	
			-0.000756	-1.6					-0.000756	-0.014	
			-0.000752	-1.6					-0.000752	-0.014	
			-0.000748	-1.6					-0.000748	-0.014	
			-0.000744	-1.6					-0.000744	-0.014	
			-0.00074	-1.6					-0.00074	-0.018	
			-0.000736	-1.6					-0.000736	-0.018	
			-0.000732	-1.6					-0.000732	-0.018	
			-0.000728	-1.6					-0.000728	-0.02	
			-0.000724	-1.6					-0.000724	-0.024	
			-0.00072	-1.6					-0.00072	-0.02	
			-0.000716	-1.6					-0.000716	-0.02	
			-0.000712	-1.6					-0.000712	-0.02	
			-0.000708	-1.6					-0.000708	-0.024	
			-0.000704	-1.6					-0.000704	-0.022	
			-0.0007	-1.6					-0.0007	-0.02	
			-0.000696	-1.6					-0.000696	-0.022	
			-0.000692	-1.56					-0.000692	-0.024	
			-0.000688	-1.6					-0.000688	-0.026	
			-0.000684	-1.6					-0.000684	-0.022	
			-0.00068	-1.56					-0.00068	-0.026	
			-0.000676	-1.6					-0.000676	-0.024	
			-0.000672	-1.6					-0.000672	-0.028	
			-0.000668	-1.6					-0.000668	-0.024	
			-0.000664	-1.6					-0.000664	-0.03	
			-0.00066	-1.6					-0.00066	-0.03	
			-0.000656	-1.56					-0.000656	-0.028	
			-0.000652	-1.6					-0.000652	-0.028	
			-0.000648	-1.6					-0.000648	-0.034	
			-0.000644	-1.6					-0.000644	-0.03	
			-0.00064	-1.56					-0.00064	-0.032	
			-0.000636	-1.56					-0.000636	-0.028	
			-0.000632	-1.56					-0.000632	-0.03	
			-0.000628	-1.6					-0.000628	-0.034	
			-0.000624	-1.56					-0.000624	-0.034	
			-0.00062	-1.56					-0.00062	-0.034	
			-0.000616	-1.6					-0.000616	-0.04	
			-0.000612	-1.56					-0.000612	-0.034	
			-0.000608	-1.56					-0.000608	-0.034	
			-0.000604	-1.6					-0.000604	-0.036	
			-0.0006	-1.56					-0.0006	-0.038	
			-0.000596	-1.56					-0.000596	-0.036	
			-0.000592	-1.6					-0.000592	-0.034	
			-0.000588	-1.56					-0.000588	-0.036	
			-0.000584	-1.6					-0.000584	-0.038	
			-0.00058	-1.6					-0.00058	-0.04	
			-0.000576	-1.56					-0.000576	-0.038	
			-0.000572	-1.56					-0.000572	-0.04	
			-0.000568	-1.56					-0.000568	-0.038	
			-0.000564	-1.56					-0.000564	-0.038	
			-0.00056	-1.56					-0.00056	-0.04	
			-0.000556	-1.56					-0.000556	-0.042	
			-0.000552	-1.6					-0.000552	-0.046	
			-0.000548	-1.56					-0.000548	-0.04	
			-0.000544	-1.56					-0.000544	-0.042	
			-0.00054	-1.56					-0.00054	-0.042	
			-0.000536	-1.56					-0.000536	-0.046	
			-0.000532	-1.56					-0.000532	-0.042	
			-0.000528	-1.56					-0.000528	-0.044	
			-0.000524	-1.56					-0.000524	-0.046	
			-0.00052	-1.56					-0.00052	-0.04	
			-0.000516	-1.56					-0.000516	-0.042	
			-0.000512	-1.56					-0.000512	-0.042	
			-0.000508	-1.56					-0.000508	-0.044	
			-0.000504	-1.56					-0.000504	-0.05	
			-0.0005	-1.56					-0.0005	-0.044	
			-0.000496	-1.56					-0.000496	-0.05	
			-0.000492	-1.56					-0.000492	-0.048	
			-0.000488	-1.56					-0.000488	-0.044	
			-0.000484	-1.56					-0.000484	-0.048	
			-0.00048	-1.56					-0.00048	-0.048	
			-0.000476	-1.56					-0.000476	-0.048	
			-0.000472	-1.56					-0.000472	-0.048	
			-0.000468	-1.56					-0.000468	-0.05	
			-0.000464	-1.56					-0.000464	-0.054	
			-0.00046	-1.56					-0.00046	-0.056	
			-0.000456	-1.56					-0.000456	-0.054	
			-0.000452	-1.56					-0.000452	-0.054	
			-0.000448	-1.56					-0.000448	-0.054	
			-0.000444	-1.56					-0.000444	-0.054	
			-0.00044	-1.56					-0.00044	-0.052	
			-0.000436	-1.56					-0.000436	-0.052	
			-0.000432	-1.56					-0.000432	-0.056	
			-0.000428	-1.56					-0.000428	-0.052	
			-0.000424	-1.56					-0.000424	-0.054	
			-0.00042	-1.56					-0.00042	-0.056	
			-0.000416	-1.56					-0.000416	-0.056	
			-0.000412	-1.56					-0.000412	-0.054	
			-0.000408	-1.56					-0.000408	-0.054	
			-0.000404	-1.56					-0.000404	-0.056	
			-0.0004	-1.56					-0.0004	-0.058	
			-0.000396	-1.56					-0.000396	-0.06	
			-0.000392	-1.56					-0.000392	-0.058	
			-0.000388	-1.56					-0.000388	-0.06	
			-0.000384	-1.56					-0.000384	-0.062	
			-0.00038	-1.56					-0.00038	-0.058	
			-0.000376	-1.56					-0.000376	-0.058	
			-0.000372	-1.56					-0.000372	-0.058	
			-0.000368	-1.52					-0.000368	-0.06	
			-0.000364	-1.56					-0.000364	-0.06	
			-0.00036	-1.56					-0.00036	-0.058	
			-0.000356	-1.52					-0.000356	-0.062	
			-0.000352	-1.52					-0.000352	-0.058	
			-0.000348	-1.56					-0.000348	-0.058	
			-0.000344	-1.56					-0.000344	-0.062	
			-0.00034	-1.56					-0.00034	-0.062	
			-0.000336	-1.56					-0.000336	-0.064	
			-0.000332	-1.56					-0.000332	-0.064	
			-0.000328	-1.56					-0.000328	-0.064	
			-0.000324	-1.56					-0.000324	-0.062	
			-0.00032	-1.56					-0.00032	-0.064	
			-0.000316	-1.56					-0.000316	-0.06	
			-0.000312	-1.52					-0.000312	-0.062	
			-0.000308	-1.52					-0.000308	-0.062	
			-0.000304	-1.56					-0.000304	-0.062	
			-0.0003	-1.56					-0.0003	-0.072	
			-0.000296	-1.52					-0.000296	-0.07	
			-0.000292	-1.56					-0.000292	-0.068	
			-0.000288	-1.52					-0.000288	-0.066	
			-0.000284	-1.56					-0.000284	-0.068	
			-0.00028	-1.56					-0.00028	-0.066	
			-0.000276	-1.56					-0.000276	-0.066	
			-0.000272	-1.56					-0.000272	-0.068	
			-0.000268	-1.56					-0.000268	-0.068	
			-0.000264	-1.52					-0.000264	-0.066	
			-0.00026	-1.52					-0.00026	-0.068	
			-0.000256	-1.56					-0.000256	-0.07	
			-0.000252	-1.52					-0.000252	-0.068	
			-0.000248	-1.56					-0.000248	-0.072	
			-0.000244	-1.52					-0.000244	-0.076	
			-0.00024	-1.56					-0.00024	-0.074	
			-0.000236	-1.56					-0.000236	-0.07	
			-0.000232	-1.52					-0.000232	-0.072	
			-0.000228	-1.52					-0.000228	-0.072	
			-0.000224	-1.52					-0.000224	-0.07	
			-0.00022	-1.52					-0.00022	-0.07	
			-0.000216	-1.52					-0.000216	-0.076	
			-0.000212	-1.52					-0.000212	-0.074	
			-0.000208	-1.52					-0.000208	-0.07	
			-0.000204	-1.52					-0.000204	-0.068	
			-0.0002	-1.52					-0.0002	-0.072	
			-0.000196	-1.52					-0.000196	-0.074	
			-0.000192	-1.52					-0.000192	-0.072	
			-0.000188	-1.52					-0.000188	-0.074	
			-0.000184	-1.52					-0.000184	-0.074	
			-0.00018	-1.52					-0.00018	-0.076	
			-0.000176	-1.52					-0.000176	-0.072	
			-0.000172	-1.52					-0.000172	-0.076	
			-0.000168	-1.52					-0.000168	-0.076	
			-0.000164	-1.52					-0.000164	-0.074	
			-0.00016	-1.52					-0.00016	-0.078	
			-0.000156	-1.52					-0.000156	-0.074	
			-0.000152	-1.52					-0.000152	-0.078	
			-0.000148	-1.52					-0.000148	-0.078	
			-0.000144	-1.52					-0.000144	-0.08	
			-0.00014	-1.52					-0.00014	-0.074	
			-0.000136	-1.52					-0.000136	-0.076	
			-0.000132	-1.52					-0.000132	-0.078	
			-0.000128	-1.52					-0.000128	-0.076	
			-0.000124	-1.52					-0.000124	-0.076	
			-0.00012	-1.52					-0.00012	-0.076	
			-0.000116	-1.52					-0.000116	-0.08	
			-0.000112	-1.52					-0.000112	-0.082	
			-0.000108	-1.52					-0.000108	-0.08	
			-0.000104	-1.52					-0.000104	-0.08	
			-0.0001	-1.52					-0.0001	-0.082	
			-9.60003e-005	-1.52					-9.60003e-005	-0.084	
			-9.20003e-005	-1.52					-9.20003e-005	-0.084	
			-8.80003e-005	-1.52					-8.80003e-005	-0.08	
			-8.40003e-005	-1.52					-8.40003e-005	-0.078	
			-8.00003e-005	-1.52					-8.00003e-005	-0.08	
			-7.60003e-005	-1.52					-7.60003e-005	-0.082	
			-7.20003e-005	-1.52					-7.20003e-005	-0.08	
			-6.80003e-005	-1.52					-6.80003e-005	-0.086	
			-6.40003e-005	-1.52					-6.40003e-005	-0.084	
			-6.00003e-005	-1.52					-6.00003e-005	-0.084	
			-5.60003e-005	-1.52					-5.60003e-005	-0.08	
			-5.20003e-005	-1.52					-5.20003e-005	-0.084	
			-4.80003e-005	-1.52					-4.80003e-005	-0.082	
			-4.40003e-005	-1.52					-4.40003e-005	-0.088	
			-4.00003e-005	-1.52					-4.00003e-005	-0.08	
			-3.60003e-005	-1.52					-3.60003e-005	-0.086	
			-3.20003e-005	-1.52					-3.20003e-005	-0.084	
			-2.80003e-005	-1.52					-2.80003e-005	-0.086	
			-2.40003e-005	-1.52					-2.40003e-005	-0.082	
			-2.00003e-005	-1.52					-2.00003e-005	-0.082	
			-1.60003e-005	-1.52					-1.60003e-005	-0.082	
			-1.20003e-005	-1.52					-1.20003e-005	-0.084	
			-8.00034e-006	-1.48					-8.00034e-006	-0.088	
			-4.00034e-006	0.48					-4.00034e-006	-0.086	
			-3.36058e-010	1.8					-3.36058e-010	-0.086	
			3.99966e-006	1.64					3.99966e-006	-0.08	
			7.99966e-006	1.64					7.99966e-006	-0.082	
			1.19997e-005	1.64					1.19997e-005	-0.082	
			1.59997e-005	1.64					1.59997e-005	-0.078	
			1.99997e-005	1.64					1.99997e-005	-0.074	
			2.39997e-005	1.64					2.39997e-005	-0.076	
			2.79997e-005	1.64					2.79997e-005	-0.078	
			3.19997e-005	1.68					3.19997e-005	-0.07	
			3.59997e-005	1.64					3.59997e-005	-0.074	
			3.99997e-005	1.64					3.99997e-005	-0.072	
			4.39997e-005	1.64					4.39997e-005	-0.068	
			4.79997e-005	1.64					4.79997e-005	-0.07	
			5.19997e-005	1.64					5.19997e-005	-0.068	
			5.59997e-005	1.64					5.59997e-005	-0.064	
			5.99997e-005	1.64					5.99997e-005	-0.068	
			6.39997e-005	1.64					6.39997e-005	-0.066	
			6.79997e-005	1.64					6.79997e-005	-0.064	
			7.19997e-005	1.64					7.19997e-005	-0.064	
			7.59997e-005	1.64					7.59997e-005	-0.062	
			7.99997e-005	1.64					7.99997e-005	-0.062	
			8.39997e-005	1.64					8.39997e-005	-0.058	
			8.79997e-005	1.64					8.79997e-005	-0.058	
			9.19997e-005	1.64					9.19997e-005	-0.058	
			9.59997e-005	1.64					9.59997e-005	-0.058	
			9.99997e-005	1.64					9.99997e-005	-0.056	
			0.000104	1.64					0.000104	-0.052	
			0.000108	1.64					0.000108	-0.056	
			0.000112	1.64					0.000112	-0.056	
			0.000116	1.64					0.000116	-0.052	
			0.00012	1.64					0.00012	-0.052	
			0.000124	1.64					0.000124	-0.052	
			0.000128	1.64					0.000128	-0.05	
			0.000132	1.64					0.000132	-0.05	
			0.000136	1.64					0.000136	-0.048	
			0.00014	1.64					0.00014	-0.046	
			0.000144	1.64					0.000144	-0.046	
			0.000148	1.64					0.000148	-0.05	
			0.000152	1.64					0.000152	-0.048	
			0.000156	1.64					0.000156	-0.046	
			0.00016	1.64					0.00016	-0.042	
			0.000164	1.64					0.000164	-0.044	
			0.000168	1.64					0.000168	-0.044	
			0.000172	1.64					0.000172	-0.04	
			0.000176	1.64					0.000176	-0.038	
			0.00018	1.6					0.00018	-0.04	
			0.000184	1.64					0.000184	-0.04	
			0.000188	1.64					0.000188	-0.04	
			0.000192	1.64					0.000192	-0.036	
			0.000196	1.64					0.000196	-0.038	
			0.0002	1.64					0.0002	-0.038	
			0.000204	1.64					0.000204	-0.036	
			0.000208	1.6					0.000208	-0.036	
			0.000212	1.6					0.000212	-0.032	
			0.000216	1.6					0.000216	-0.036	
			0.00022	1.6					0.00022	-0.032	
			0.000224	1.6					0.000224	-0.032	
			0.000228	1.64					0.000228	-0.03	
			0.000232	1.64					0.000232	-0.026	
			0.000236	1.6					0.000236	-0.03	
			0.00024	1.64					0.00024	-0.028	
			0.000244	1.64					0.000244	-0.026	
			0.000248	1.64					0.000248	-0.024	
			0.000252	1.6					0.000252	-0.026	
			0.000256	1.64					0.000256	-0.022	
			0.00026	1.6					0.00026	-0.024	
			0.000264	1.64					0.000264	-0.022	
			0.000268	1.6					0.000268	-0.026	
			0.000272	1.6					0.000272	-0.022	
			0.000276	1.6					0.000276	-0.02	
			0.00028	1.6					0.00028	-0.022	
			0.000284	1.64					0.000284	-0.018	
			0.000288	1.6					0.000288	-0.02	
			0.000292	1.6					0.000292	-0.02	
			0.000296	1.6					0.000296	-0.018	
			0.0003	1.64					0.0003	-0.016	
			0.000304	1.64					0.000304	-0.016	
			0.000308	1.6					0.000308	-0.018	
			0.000312	1.6					0.000312	-0.018	
			0.000316	1.6					0.000316	-0.014	
			0.00032	1.6					0.00032	-0.012	
			0.000324	1.6					0.000324	-0.014	
			0.000328	1.6					0.000328	-0.014	
			0.000332	1.6					0.000332	-0.008	
			0.000336	1.6					0.000336	-0.012	
			0.00034	1.6					0.00034	-0.014	
			0.000344	1.6					0.000344	-0.01	
			0.000348	1.6					0.000348	-0.01	
			0.000352	1.6					0.000352	-0.008	
			0.000356	1.6					0.000356	-0.006	
			0.00036	1.6					0.00036	-0.008	
			0.000364	1.6					0.000364	-0.006	
			0.000368	1.6					0.000368	-0.002	
			0.000372	1.6					0.000372	-0.002	
			0.000376	1.6					0.000376	-0.004	
			0.00038	1.6					0.00038	0	
			0.000384	1.6					0.000384	-0.002	
			0.000388	1.6					0.000388	0	
			0.000392	1.6					0.000392	-0.002	
			0.000396	1.6					0.000396	0	
			0.0004	1.6					0.0004	0.004	
			0.000404	1.6					0.000404	-0.002	
			0.000408	1.6					0.000408	0.004	
			0.000412	1.6					0.000412	0.004	
			0.000416	1.6					0.000416	0.002	
			0.00042	1.6					0.00042	0.004	
			0.000424	1.6					0.000424	0.004	
			0.000428	1.6					0.000428	0.006	
			0.000432	1.6					0.000432	0.006	
			0.000436	1.6					0.000436	0.006	
			0.00044	1.6					0.00044	0.008	
			0.000444	1.6					0.000444	0.012	
			0.000448	1.6					0.000448	0.006	
			0.000452	1.6					0.000452	0.008	
			0.000456	1.6					0.000456	0.012	
			0.00046	1.6					0.00046	0.014	
			0.000464	1.6					0.000464	0.012	
			0.000468	1.6					0.000468	0.014	
			0.000472	1.6					0.000472	0.012	
			0.000476	1.6					0.000476	0.01	
			0.00048	1.6					0.00048	0.014	
			0.000484	1.6					0.000484	0.008	
			0.000488	1.6					0.000488	0.018	
			0.000492	1.6					0.000492	0.016	
			0.000496	1.6					0.000496	0.012	
			0.0005	1.6					0.0005	0.014	
			0.000504	1.6					0.000504	0.014	
			0.000508	1.6					0.000508	0.016	
			0.000512	1.6					0.000512	0.018	
			0.000516	1.6					0.000516	0.016	
			0.00052	1.6					0.00052	0.02	
			0.000524	1.6					0.000524	0.016	
			0.000528	1.6					0.000528	0.02	
			0.000532	1.6					0.000532	0.024	
			0.000536	1.6					0.000536	0.024	
			0.00054	1.6					0.00054	0.024	
			0.000544	1.6					0.000544	0.018	
			0.000548	1.56					0.000548	0.022	
			0.000552	1.56					0.000552	0.026	
			0.000556	1.6					0.000556	0.026	
			0.00056	1.6					0.00056	0.024	
			0.000564	1.6					0.000564	0.02	
			0.000568	1.6					0.000568	0.022	
			0.000572	1.6					0.000572	0.028	
			0.000576	1.6					0.000576	0.026	
			0.00058	1.56					0.00058	0.028	
			0.000584	1.56					0.000584	0.028	
			0.000588	1.56					0.000588	0.03	
			0.000592	1.6					0.000592	0.032	
			0.000596	1.56					0.000596	0.03	
			0.0006	1.56					0.0006	0.03	
			0.000604	1.6					0.000604	0.03	
			0.000608	1.56					0.000608	0.03	
			0.000612	1.6					0.000612	0.03	
			0.000616	1.56					0.000616	0.03	
			0.00062	1.56					0.00062	0.028	
			0.000624	1.56					0.000624	0.032	
			0.000628	1.6					0.000628	0.032	
			0.000632	1.56					0.000632	0.032	
			0.000636	1.56					0.000636	0.036	
			0.00064	1.56					0.00064	0.034	
			0.000644	1.56					0.000644	0.034	
			0.000648	1.56					0.000648	0.034	
			0.000652	1.56					0.000652	0.036	
			0.000656	1.56					0.000656	0.032	
			0.00066	1.56					0.00066	0.036	
			0.000664	1.56					0.000664	0.04	
			0.000668	1.6					0.000668	0.036	
			0.000672	1.56					0.000672	0.034	
			0.000676	1.56					0.000676	0.036	
			0.00068	1.56					0.00068	0.04	
			0.000684	1.56					0.000684	0.038	
			0.000688	1.56					0.000688	0.042	
			0.000692	1.56					0.000692	0.04	
			0.000696	1.56					0.000696	0.042	
			0.0007	1.56					0.0007	0.04	
			0.000704	1.56					0.000704	0.04	
			0.000708	1.56					0.000708	0.04	
			0.000712	1.56					0.000712	0.042	
			0.000716	1.56					0.000716	0.042	
			0.00072	1.56					0.00072	0.044	
			0.000724	1.56					0.000724	0.044	
			0.000728	1.56					0.000728	0.04	
			0.000732	1.56					0.000732	0.046	
			0.000736	1.56					0.000736	0.044	
			0.00074	1.56					0.00074	0.048	
			0.000744	1.56					0.000744	0.044	
			0.000748	1.56					0.000748	0.046	
			0.000752	1.56					0.000752	0.046	
			0.000756	1.56					0.000756	0.048	
			0.00076	1.56					0.00076	0.048	
			0.000764	1.56					0.000764	0.048	
			0.000768	1.56					0.000768	0.052	
			0.000772	1.56					0.000772	0.05	
			0.000776	1.56					0.000776	0.05	
			0.00078	1.56					0.00078	0.054	
			0.000784	1.56					0.000784	0.054	
			0.000788	1.56					0.000788	0.048	
			0.000792	1.56					0.000792	0.05	
			0.000796	1.56					0.000796	0.048	
			0.0008	1.56					0.0008	0.052	
			0.000804	1.56					0.000804	0.052	
			0.000808	1.56					0.000808	0.052	
			0.000812	1.56					0.000812	0.052	
			0.000816	1.56					0.000816	0.054	
			0.00082	1.56					0.00082	0.054	
			0.000824	1.56					0.000824	0.052	
			0.000828	1.56					0.000828	0.052	
			0.000832	1.56					0.000832	0.056	
			0.000836	1.56					0.000836	0.052	
			0.00084	1.56					0.00084	0.054	
			0.000844	1.56					0.000844	0.056	
			0.000848	1.56					0.000848	0.056	
			0.000852	1.56					0.000852	0.054	
			0.000856	1.56					0.000856	0.056	
			0.00086	1.56					0.00086	0.06	
			0.000864	1.56					0.000864	0.06	
			0.000868	1.56					0.000868	0.06	
			0.000872	1.56					0.000872	0.056	
			0.000876	1.56					0.000876	0.058	
			0.00088	1.56					0.00088	0.06	
			0.000884	1.56					0.000884	0.06	
			0.000888	1.56					0.000888	0.058	
			0.000892	1.56					0.000892	0.058	
			0.000896	1.56					0.000896	0.062	
			0.0009	1.56					0.0009	0.06	
			0.000904	1.56					0.000904	0.06	
			0.000908	1.56					0.000908	0.06	
			0.000912	1.56					0.000912	0.062	
			0.000916	1.56					0.000916	0.062	
			0.00092	1.52					0.00092	0.066	
			0.000924	1.56					0.000924	0.062	
			0.000928	1.56					0.000928	0.062	
			0.000932	1.52					0.000932	0.062	
			0.000936	1.52					0.000936	0.064	
			0.00094	1.56					0.00094	0.068	
			0.000944	1.52					0.000944	0.064	
			0.000948	1.56					0.000948	0.064	
			0.000952	1.52					0.000952	0.066	
			0.000956	1.56					0.000956	0.066	
			0.00096	1.56					0.00096	0.066	
			0.000964	1.52					0.000964	0.068	
			0.000968	1.52					0.000968	0.066	
			0.000972	1.52					0.000972	0.068	
			0.000976	1.52					0.000976	0.068	
			0.00098	1.52					0.00098	0.068	
			0.000984	1.52					0.000984	0.068	
			0.000988	1.52					0.000988	0.07	
			0.000992	1.52					0.000992	0.068	
			0.000996	1.52					0.000996	0.068	
			0.001	1.52					0.001	0.072	
			0.001004	1.52					0.001004	0.07	
			0.001008	1.52					0.001008	0.07	
			0.001012	1.52					0.001012	0.068	
			0.001016	1.52					0.001016	0.07	
			0.00102	1.56					0.00102	0.072	
			0.001024	1.56					0.001024	0.068	
			0.001028	1.52					0.001028	0.074	
			0.001032	1.52					0.001032	0.07	
			0.001036	1.52					0.001036	0.07	
			0.00104	1.52					0.00104	0.07	
			0.001044	1.56					0.001044	0.074	
			0.001048	1.52					0.001048	0.072	
			0.001052	1.52					0.001052	0.074	
			0.001056	1.52					0.001056	0.072	
			0.00106	1.52					0.00106	0.074	
			0.001064	1.52					0.001064	0.074	
			0.001068	1.52					0.001068	0.072	
			0.001072	1.52					0.001072	0.074	
			0.001076	1.52					0.001076	0.074	
			0.00108	1.52					0.00108	0.074	
			0.001084	1.52					0.001084	0.074	
			0.001088	1.56					0.001088	0.074	
			0.001092	1.52					0.001092	0.074	
			0.001096	1.52					0.001096	0.074	
			0.0011	1.52					0.0011	0.074	
			0.001104	1.56					0.001104	0.08	
			0.001108	1.52					0.001108	0.078	
			0.001112	1.52					0.001112	0.078	
			0.001116	1.52					0.001116	0.078	
			0.00112	1.52					0.00112	0.078	
			0.001124	1.52					0.001124	0.08	
			0.001128	1.52					0.001128	0.076	
			0.001132	1.52					0.001132	0.076	
			0.001136	1.52					0.001136	0.08	
			0.00114	1.52					0.00114	0.078	
			0.001144	1.52					0.001144	0.08	
			0.001148	1.52					0.001148	0.082	
			0.001152	1.52					0.001152	0.08	
			0.001156	1.52					0.001156	0.08	
			0.00116	1.52					0.00116	0.08	
			0.001164	1.52					0.001164	0.08	
			0.001168	1.52					0.001168	0.082	
			0.001172	1.52					0.001172	0.08	
			0.001176	1.52					0.001176	0.084	
			0.00118	1.52					0.00118	0.078	
			0.001184	1.52					0.001184	0.08	
			0.001188	1.52					0.001188	0.086	
			0.001192	1.52					0.001192	0.082	
			0.001196	1.52					0.001196	0.086	
			0.0012	1.52					0.0012	0.084	
			0.001204	1.52					0.001204	0.082	
			0.001208	1.52					0.001208	0.08	
			0.001212	1.52					0.001212	0.082	
			0.001216	1.52					0.001216	0.086	
			0.00122	1.52					0.00122	0.086	
			0.001224	1.52					0.001224	0.082	
			0.001228	1.52					0.001228	0.084	
			0.001232	1.52					0.001232	0.086	
			0.001236	1.52					0.001236	0.082	
			0.00124	1.52					0.00124	0.088	
			0.001244	0.96					0.001244	0.084	
			0.001248	-1.72					0.001248	0.084	
			0.001252	-1.72					0.001252	0.082	
			0.001256	-1.64					0.001256	0.08	
			0.00126	-1.64					0.00126	0.08	
			0.001264	-1.64					0.001264	0.08	
			0.001268	-1.64					0.001268	0.082	
			0.001272	-1.64					0.001272	0.076	
			0.001276	-1.64					0.001276	0.076	
			0.00128	-1.68					0.00128	0.072	
			0.001284	-1.64					0.001284	0.074	
			0.001288	-1.64					0.001288	0.072	
			0.001292	-1.64					0.001292	0.07	
			0.001296	-1.68					0.001296	0.072	
			0.0013	-1.64					0.0013	0.068	
			0.001304	-1.64					0.001304	0.068	
			0.001308	-1.64					0.001308	0.07	
			0.001312	-1.64					0.001312	0.07	
			0.001316	-1.64					0.001316	0.066	
			0.00132	-1.64					0.00132	0.062	
			0.001324	-1.64					0.001324	0.064	
			0.001328	-1.64					0.001328	0.058	
			0.001332	-1.64					0.001332	0.058	
			0.001336	-1.64					0.001336	0.06	
			0.00134	-1.64					0.00134	0.058	
			0.001344	-1.64					0.001344	0.058	
			0.001348	-1.64					0.001348	0.058	
			0.001352	-1.64					0.001352	0.056	
			0.001356	-1.64					0.001356	0.058	
			0.00136	-1.64					0.00136	0.054	
			0.001364	-1.64					0.001364	0.052	
			0.001368	-1.64					0.001368	0.048	
			0.001372	-1.64					0.001372	0.05	
			0.001376	-1.64					0.001376	0.052	
			0.00138	-1.64					0.00138	0.05	
			0.001384	-1.64					0.001384	0.046	
			0.001388	-1.64					0.001388	0.048	
			0.001392	-1.64					0.001392	0.048	
			0.001396	-1.64					0.001396	0.048	
			0.0014	-1.64					0.0014	0.048	
			0.001404	-1.64					0.001404	0.042	
			0.001408	-1.64					0.001408	0.044	
			0.001412	-1.64					0.001412	0.042	
			0.001416	-1.64					0.001416	0.044	
			0.00142	-1.64					0.00142	0.042	
			0.001424	-1.64					0.001424	0.04	
			0.001428	-1.6					0.001428	0.038	
			0.001432	-1.64					0.001432	0.04	
			0.001436	-1.64					0.001436	0.036	
			0.00144	-1.64					0.00144	0.036	
			0.001444	-1.64					0.001444	0.04	
			0.001448	-1.64					0.001448	0.034	
			0.001452	-1.64					0.001452	0.034	
			0.001456	-1.64					0.001456	0.036	
			0.00146	-1.64					0.00146	0.038	
			0.001464	-1.64					0.001464	0.034	
			0.001468	-1.64					0.001468	0.032	
			0.001472	-1.6					0.001472	0.034	
			0.001476	-1.6					0.001476	0.028	
			0.00148	-1.64					0.00148	0.028	
			0.001484	-1.6					0.001484	0.026	
			0.001488	-1.64					0.001488	0.028	
			0.001492	-1.6					0.001492	0.03	
			0.001496	-1.64					0.001496	0.028	
			0.0015	-1.64					0.0015	0.026	
			0.001504	-1.6					0.001504	0.028	
			0.001508	-1.64					0.001508	0.024	
			0.001512	-1.64					0.001512	0.02	
			0.001516	-1.6					0.001516	0.024	
			0.00152	-1.6					0.00152	0.022	
			0.001524	-1.6					0.001524	0.018	
			0.001528	-1.64					0.001528	0.022	
			0.001532	-1.6					0.001532	0.022	
			0.001536	-1.64					0.001536	0.02	
			0.00154	-1.6					0.00154	0.022	
			0.001544	-1.6					0.001544	0.02	
			0.001548	-1.6					0.001548	0.016	
			0.001552	-1.6					0.001552	0.012	
			0.001556	-1.6					0.001556	0.012	
			0.00156	-1.6					0.00156	0.016	
			0.001564	-1.6					0.001564	0.012	
			0.001568	-1.6					0.001568	0.014	
			0.001572	-1.6					0.001572	0.014	
			0.001576	-1.6					0.001576	0.008	
			0.00158	-1.6					0.00158	0.012	
			0.001584	-1.6					0.001584	0.01	
			0.001588	-1.6					0.001588	0.008	
			0.001592	-1.6					0.001592	0.008	
			0.001596	-1.6					0.001596	0.008	
			0.0016	-1.6					0.0016	0.008	
			0.001604	-1.6					0.001604	0.008	
			0.001608	-1.6					0.001608	0.006	
			0.001612	-1.6					0.001612	0.008	
			0.001616	-1.6					0.001616	0.002	
			0.00162	-1.6					0.00162	0.004	
			0.001624	-1.6					0.001624	0	
			0.001628	-1.6					0.001628	-0.002	
			0.001632	-1.6					0.001632	0.002	
			0.001636	-1.6					0.001636	0	
			0.00164	-1.6					0.00164	0	
			0.001644	-1.6					0.001644	0	
			0.001648	-1.6					0.001648	0.002	
			0.001652	-1.6					0.001652	0.002	
			0.001656	-1.6					0.001656	0	
			0.00166	-1.6					0.00166	-0.004	
			0.001664	-1.6					0.001664	-0.004	
			0.001668	-1.6					0.001668	-0.004	
			0.001672	-1.6					0.001672	-0.006	
			0.001676	-1.6					0.001676	-0.004	
			0.00168	-1.6					0.00168	-0.004	
			0.001684	-1.6					0.001684	-0.008	
			0.001688	-1.6					0.001688	-0.012	
			0.001692	-1.6					0.001692	-0.01	
			0.001696	-1.6					0.001696	-0.008	
			0.0017	-1.6					0.0017	-0.008	
			0.001704	-1.6					0.001704	-0.008	
			0.001708	-1.6					0.001708	-0.006	
			0.001712	-1.6					0.001712	-0.01	
			0.001716	-1.6					0.001716	-0.01	
			0.00172	-1.6					0.00172	-0.01	
			0.001724	-1.6					0.001724	-0.012	
			0.001728	-1.6					0.001728	-0.016	
			0.001732	-1.6					0.001732	-0.012	
			0.001736	-1.6					0.001736	-0.014	
			0.00174	-1.6					0.00174	-0.012	
			0.001744	-1.6					0.001744	-0.012	
			0.001748	-1.6					0.001748	-0.016	
			0.001752	-1.6					0.001752	-0.016	
			0.001756	-1.6					0.001756	-0.02	
			0.00176	-1.6					0.00176	-0.016	
			0.001764	-1.6					0.001764	-0.016	
			0.001768	-1.6					0.001768	-0.018	
			0.001772	-1.6					0.001772	-0.02	
			0.001776	-1.6					0.001776	-0.02	
			0.00178	-1.6					0.00178	-0.02	
			0.001784	-1.6					0.001784	-0.018	
			0.001788	-1.6					0.001788	-0.022	
			0.001792	-1.6					0.001792	-0.02	
			0.001796	-1.6					0.001796	-0.024	
			0.0018	-1.6					0.0018	-0.022	
			0.001804	-1.6					0.001804	-0.022	
			0.001808	-1.6					0.001808	-0.024	
			0.001812	-1.6					0.001812	-0.024	
			0.001816	-1.6					0.001816	-0.026	
			0.00182	-1.6					0.00182	-0.024	
			0.001824	-1.6					0.001824	-0.026	
			0.001828	-1.6					0.001828	-0.026	
			0.001832	-1.56					0.001832	-0.028	
			0.001836	-1.6					0.001836	-0.028	
			0.00184	-1.56					0.00184	-0.028	
			0.001844	-1.6					0.001844	-0.028	
			0.001848	-1.56					0.001848	-0.026	
			0.001852	-1.6					0.001852	-0.026	
			0.001856	-1.56					0.001856	-0.03	
			0.00186	-1.6					0.00186	-0.028	
			0.001864	-1.56					0.001864	-0.034	
			0.001868	-1.56					0.001868	-0.034	
			0.001872	-1.56					0.001872	-0.032	
			0.001876	-1.56					0.001876	-0.028	
			0.00188	-1.56					0.00188	-0.03	
			0.001884	-1.56					0.001884	-0.03	
			0.001888	-1.56					0.001888	-0.034	
			0.001892	-1.56					0.001892	-0.034	
			0.001896	-1.6					0.001896	-0.034	
			0.0019	-1.56					0.0019	-0.036	
			0.001904	-1.56					0.001904	-0.038	
			0.001908	-1.56					0.001908	-0.038	
			0.001912	-1.56					0.001912	-0.04	
			0.001916	-1.56					0.001916	-0.038	
			0.00192	-1.56					0.00192	-0.038	
			0.001924	-1.56					0.001924	-0.038	
			0.001928	-1.56					0.001928	-0.036	
			0.001932	-1.56					0.001932	-0.042	
			0.001936	-1.56					0.001936	-0.046	
			0.00194	-1.56					0.00194	-0.042	
			0.001944	-1.56					0.001944	-0.044	
			0.001948	-1.56					0.001948	-0.04	
			0.001952	-1.56					0.001952	-0.042	
			0.001956	-1.56					0.001956	-0.042	
			0.00196	-1.56					0.00196	-0.042	
			0.001964	-1.56					0.001964	-0.042	
			0.001968	-1.56					0.001968	-0.042	
			0.001972	-1.56					0.001972	-0.042	
			0.001976	-1.56					0.001976	-0.044	
			0.00198	-1.56					0.00198	-0.044	
			0.001984	-1.56					0.001984	-0.046	
			0.001988	-1.56					0.001988	-0.048	
			0.001992	-1.56					0.001992	-0.044	
			0.001996	-1.56					0.001996	-0.046	
			0.002	-1.56					0.002	-0.046	
			0.002004	-1.56					0.002004	-0.042	
			0.002008	-1.56					0.002008	-0.048	
			0.002012	-1.56					0.002012	-0.052	
			0.002016	-1.56					0.002016	-0.05	
			0.00202	-1.56					0.00202	-0.052	
			0.002024	-1.56					0.002024	-0.052	
			0.002028	-1.56					0.002028	-0.05	
			0.002032	-1.56					0.002032	-0.046	
			0.002036	-1.56					0.002036	-0.05	
			0.00204	-1.56					0.00204	-0.05	
			0.002044	-1.56					0.002044	-0.054	
			0.002048	-1.56					0.002048	-0.048	
			0.002052	-1.56					0.002052	-0.05	
			0.002056	-1.56					0.002056	-0.05	
			0.00206	-1.56					0.00206	-0.056	
			0.002064	-1.56					0.002064	-0.054	
			0.002068	-1.56					0.002068	-0.05	
			0.002072	-1.56					0.002072	-0.054	
			0.002076	-1.56					0.002076	-0.056	
			0.00208	-1.56					0.00208	-0.058	
			0.002084	-1.56					0.002084	-0.056	
			0.002088	-1.56					0.002088	-0.056	
			0.002092	-1.56					0.002092	-0.056	
			0.002096	-1.56					0.002096	-0.054	
			0.0021	-1.56					0.0021	-0.058	
			0.002104	-1.56					0.002104	-0.056	
			0.002108	-1.56					0.002108	-0.056	
			0.002112	-1.56					0.002112	-0.056	
			0.002116	-1.56					0.002116	-0.058	
			0.00212	-1.52					0.00212	-0.06	
			0.002124	-1.56					0.002124	-0.058	
			0.002128	-1.56					0.002128	-0.062	
			0.002132	-1.56					0.002132	-0.062	
			0.002136	-1.56					0.002136	-0.058	
			0.00214	-1.56					0.00214	-0.062	
			0.002144	-1.56					0.002144	-0.064	
			0.002148	-1.56					0.002148	-0.06	
			0.002152	-1.56					0.002152	-0.06	
			0.002156	-1.56					0.002156	-0.058	
			0.00216	-1.56					0.00216	-0.064	
			0.002164	-1.56					0.002164	-0.06	
			0.002168	-1.56					0.002168	-0.064	
			0.002172	-1.56					0.002172	-0.064	
			0.002176	-1.56					0.002176	-0.066	
			0.00218	-1.52					0.00218	-0.068	
			0.002184	-1.56					0.002184	-0.064	
			0.002188	-1.56					0.002188	-0.064	
			0.002192	-1.56					0.002192	-0.064	
			0.002196	-1.52					0.002196	-0.062	
			0.0022	-1.52					0.0022	-0.064	
			0.002204	-1.52					0.002204	-0.064	
			0.002208	-1.56					0.002208	-0.064	
			0.002212	-1.52					0.002212	-0.064	
			0.002216	-1.56					0.002216	-0.066	
			0.00222	-1.52					0.00222	-0.066	
			0.002224	-1.56					0.002224	-0.066	
			0.002228	-1.52					0.002228	-0.064	
			0.002232	-1.56					0.002232	-0.066	
			0.002236	-1.56					0.002236	-0.07	
			0.00224	-1.56					0.00224	-0.068	
			0.002244	-1.52					0.002244	-0.072	
			0.002248	-1.52					0.002248	-0.068	
			0.002252	-1.52					0.002252	-0.072	
			0.002256	-1.52					0.002256	-0.07	
			0.00226	-1.56					0.00226	-0.068	
			0.002264	-1.52					0.002264	-0.07	
			0.002268	-1.52					0.002268	-0.072	
			0.002272	-1.52					0.002272	-0.074	
			0.002276	-1.52					0.002276	-0.074	
			0.00228	-1.52					0.00228	-0.072	
			0.002284	-1.52					0.002284	-0.072	
			0.002288	-1.52					0.002288	-0.072	
			0.002292	-1.56					0.002292	-0.076	
			0.002296	-1.52					0.002296	-0.072	
			0.0023	-1.52					0.0023	-0.076	
			0.002304	-1.52					0.002304	-0.07	
			0.002308	-1.52					0.002308	-0.074	
			0.002312	-1.52					0.002312	-0.072	
			0.002316	-1.52					0.002316	-0.07	
			0.00232	-1.52					0.00232	-0.07	
			0.002324	-1.52					0.002324	-0.072	
			0.002328	-1.52					0.002328	-0.076	
			0.002332	-1.52					0.002332	-0.076	
			0.002336	-1.52					0.002336	-0.072	
			0.00234	-1.52					0.00234	-0.072	
			0.002344	-1.52					0.002344	-0.074	
			0.002348	-1.52					0.002348	-0.076	
			0.002352	-1.52					0.002352	-0.078	
			0.002356	-1.52					0.002356	-0.078	
			0.00236	-1.52					0.00236	-0.076	
			0.002364	-1.52					0.002364	-0.076	
			0.002368	-1.52					0.002368	-0.08	
			0.002372	-1.52					0.002372	-0.08	
			0.002376	-1.52					0.002376	-0.082	
			0.00238	-1.52					0.00238	-0.08	
			0.002384	-1.52					0.002384	-0.078	
			0.002388	-1.52					0.002388	-0.078	
			0.002392	-1.52					0.002392	-0.08	
			0.002396	-1.52					0.002396	-0.08	
			0.0024	-1.52					0.0024	-0.08	
			0.002404	-1.52					0.002404	-0.082	
			0.002408	-1.52					0.002408	-0.082	
			0.002412	-1.52					0.002412	-0.078	
			0.002416	-1.52					0.002416	-0.078	
			0.00242	-1.52					0.00242	-0.078	
			0.002424	-1.52					0.002424	-0.08	
			0.002428	-1.52					0.002428	-0.082	
			0.002432	-1.52					0.002432	-0.084	
			0.002436	-1.52					0.002436	-0.08	
			0.00244	-1.52					0.00244	-0.084	
			0.002444	-1.52					0.002444	-0.082	
			0.002448	-1.52					0.002448	-0.084	
			0.002452	-1.52					0.002452	-0.084	
			0.002456	-1.52					0.002456	-0.084	
			0.00246	-1.52					0.00246	-0.086	
			0.002464	-1.52					0.002464	-0.086	
			0.002468	-1.52					0.002468	-0.082	
			0.002472	-1.52					0.002472	-0.082	
			0.002476	-1.52					0.002476	-0.086	
			0.00248	-1.52					0.00248	-0.084	
			0.002484	-1.52					0.002484	-0.084	
			0.002488	-1.52					0.002488	-0.086	
			0.002492	-1.52					0.002492	-0.086	
			0.002496	0.48					0.002496	-0.09	
			0.0025	1.76					0.0025	-0.086	
			0.002504	1.68					0.002504	-0.084	
			0.002508	1.64					0.002508	-0.08	
			0.002512	1.64					0.002512	-0.08	
			0.002516	1.64					0.002516	-0.078	
			0.00252	1.64					0.00252	-0.078	
			0.002524	1.64					0.002524	-0.076	
			0.002528	1.64					0.002528	-0.072	
			0.002532	1.64					0.002532	-0.074	
			0.002536	1.64					0.002536	-0.074	
			0.00254	1.64					0.00254	-0.072	
			0.002544	1.68					0.002544	-0.074	
			0.002548	1.64					0.002548	-0.068	
			0.002552	1.64					0.002552	-0.07	
			0.002556	1.64					0.002556	-0.066	
			0.00256	1.64					0.00256	-0.064	
			0.002564	1.64					0.002564	-0.066	
			0.002568	1.64					0.002568	-0.066	
			0.002572	1.64					0.002572	-0.064	
			0.002576	1.64					0.002576	-0.062	
			0.00258	1.64					0.00258	-0.064	
			0.002584	1.64					0.002584	-0.062	
			0.002588	1.64					0.002588	-0.058	
			0.002592	1.64					0.002592	-0.058	
			0.002596	1.64					0.002596	-0.06	
			0.0026	1.64					0.0026	-0.058	
			0.002604	1.64					0.002604	-0.058	
			0.002608	1.64					0.002608	-0.054	
			0.002612	1.64					0.002612	-0.054	
			0.002616	1.64					0.002616	-0.052	
			0.00262	1.64					0.00262	-0.054	
			0.002624	1.64					0.002624	-0.052	
			0.002628	1.64					0.002628	-0.052	
			0.002632	1.64					0.002632	-0.05	
			0.002636	1.64					0.002636	-0.05	
			0.00264	1.64					0.00264	-0.05	
			0.002644	1.64					0.002644	-0.05	
			0.002648	1.64					0.002648	-0.048	
			0.002652	1.64					0.002652	-0.044	
			0.002656	1.64					0.002656	-0.04	
			0.00266	1.64					0.00266	-0.044	
			0.002664	1.64					0.002664	-0.046	
			0.002668	1.64					0.002668	-0.046	
			0.002672	1.64					0.002672	-0.04	
			0.002676	1.64					0.002676	-0.042	
			0.00268	1.64					0.00268	-0.038	
			0.002684	1.64					0.002684	-0.038	
			0.002688	1.64					0.002688	-0.036	
			0.002692	1.64					0.002692	-0.034	
			0.002696	1.64					0.002696	-0.036	
			0.0027	1.64					0.0027	-0.036	
			0.002704	1.64					0.002704	-0.036	
			0.002708	1.64					0.002708	-0.034	
			0.002712	1.64					0.002712	-0.034	
			0.002716	1.64					0.002716	-0.032	
			0.00272	1.64					0.00272	-0.03	
			0.002724	1.64					0.002724	-0.03	
			0.002728	1.64					0.002728	-0.032	
			0.002732	1.64					0.002732	-0.028	
			0.002736	1.64					0.002736	-0.026	
			0.00274	1.64					0.00274	-0.026	
			0.002744	1.64					0.002744	-0.026	
			0.002748	1.64					0.002748	-0.026	
			0.002752	1.64					0.002752	-0.026	
			0.002756	1.6					0.002756	-0.024	
			0.00276	1.6					0.00276	-0.026	
			0.002764	1.64					0.002764	-0.02	
			0.002768	1.6					0.002768	-0.018	
			0.002772	1.6					0.002772	-0.018	
			0.002776	1.6					0.002776	-0.022	
			0.00278	1.6					0.00278	-0.022	
			0.002784	1.6					0.002784	-0.02	
			0.002788	1.6					0.002788	-0.016	
			0.002792	1.6					0.002792	-0.018	
			0.002796	1.6					0.002796	-0.016	
			0.0028	1.6					0.0028	-0.014	
			0.002804	1.6					0.002804	-0.014	
			0.002808	1.6					0.002808	-0.012	
			0.002812	1.6					0.002812	-0.012	
			0.002816	1.6					0.002816	-0.01	
			0.00282	1.6					0.00282	-0.014	
			0.002824	1.6					0.002824	-0.014	
			0.002828	1.6					0.002828	-0.012	
			0.002832	1.6					0.002832	-0.012	
			0.002836	1.6					0.002836	-0.012	
			0.00284	1.6					0.00284	-0.01	
			0.002844	1.6					0.002844	-0.008	
			0.002848	1.6					0.002848	-0.01	
			0.002852	1.6					0.002852	-0.008	
			0.002856	1.6					0.002856	-0.008	
			0.00286	1.6					0.00286	-0.006	
			0.002864	1.6					0.002864	-0.004	
			0.002868	1.6					0.002868	-0.004	
			0.002872	1.6					0.002872	-0.002	
			0.002876	1.6					0.002876	-0.002	
			0.00288	1.6					0.00288	-0.002	
			0.002884	1.6					0.002884	-0.002	
			0.002888	1.6					0.002888	-0.002	
			0.002892	1.6					0.002892	0	
			0.002896	1.6					0.002896	0.002	
			0.0029	1.6					0.0029	0.002	
			0.002904	1.6					0.002904	-0.004	
			0.002908	1.6					0.002908	0.002	
			0.002912	1.6					0.002912	0.002	
			0.002916	1.6					0.002916	0.002	
			0.00292	1.6					0.00292	0.006	
			0.002924	1.6					0.002924	0.004	
			0.002928	1.6					0.002928	0.008	
			0.002932	1.6					0.002932	0.008	
			0.002936	1.6					0.002936	0.002	
			0.00294	1.6					0.00294	0.004	
			0.002944	1.6					0.002944	0.008	
			0.002948	1.6					0.002948	0.008	
			0.002952	1.6					0.002952	0.008	
			0.002956	1.6					0.002956	0.008	
			0.00296	1.6					0.00296	0.012	
			0.002964	1.6					0.002964	0.006	
			0.002968	1.6					0.002968	0.006	
			0.002972	1.6					0.002972	0.01	
			0.002976	1.6					0.002976	0.012	
			0.00298	1.6					0.00298	0.016	
			0.002984	1.6					0.002984	0.016	
			0.002988	1.6					0.002988	0.016	
			0.002992	1.6					0.002992	0.016	
			0.002996	1.6					0.002996	0.018	
			0.003	1.6					0.003	0.014	
			0.003004	1.6					0.003004	0.012	
			0.003008	1.6					0.003008	0.014	
			0.003012	1.6					0.003012	0.018	
			0.003016	1.6					0.003016	0.018	
			0.00302	1.6					0.00302	0.018	
			0.003024	1.6					0.003024	0.022	
			0.003028	1.6					0.003028	0.018	
			0.003032	1.56					0.003032	0.016	
			0.003036	1.6					0.003036	0.02	
			0.00304	1.6					0.00304	0.022	
			0.003044	1.6					0.003044	0.026	
			0.003048	1.56					0.003048	0.026	
			0.003052	1.6					0.003052	0.024	
			0.003056	1.6					0.003056	0.022	
			0.00306	1.6					0.00306	0.022	
			0.003064	1.6					0.003064	0.02	
			0.003068	1.56					0.003068	0.024	
			0.003072	1.56					0.003072	0.026	
			0.003076	1.6					0.003076	0.026	
			0.00308	1.6					0.00308	0.026	
			0.003084	1.6					0.003084	0.028	
			0.003088	1.56					0.003088	0.028	
			0.003092	1.6					0.003092	0.026	
			0.003096	1.56					0.003096	0.03	
			0.0031	1.56					0.0031	0.026	
			0.003104	1.56					0.003104	0.026	
			0.003108	1.6					0.003108	0.03	
			0.003112	1.56					0.003112	0.034	
			0.003116	1.56					0.003116	0.03	
			0.00312	1.56					0.00312	0.03	
			0.003124	1.6					0.003124	0.036	
			0.003128	1.56					0.003128	0.032	
			0.003132	1.56					0.003132	0.032	
			0.003136	1.56					0.003136	0.034	
			0.00314	1.6					0.00314	0.036	
			0.003144	1.56					0.003144	0.036	
			0.003148	1.56					0.003148	0.036	
			0.003152	1.56					0.003152	0.036	
			0.003156	1.56					0.003156	0.034	
			0.00316	1.6					0.00316	0.036	
			0.003164	1.56					0.003164	0.036	
			0.003168	1.56					0.003168	0.038	
			0.003172	1.56					0.003172	0.036	
			0.003176	1.56					0.003176	0.036	
			0.00318	1.6					0.00318	0.04	
			0.003184	1.56					0.003184	0.038	
			0.003188	1.56					0.003188	0.042	
			0.003192	1.56					0.003192	0.04	
			0.003196	1.56					0.003196	0.038	
			0.0032	1.56					0.0032	0.042	
			0.003204	1.56					0.003204	0.04	
			0.003208	1.56					0.003208	0.042	
			0.003212	1.56					0.003212	0.044	
			0.003216	1.56					0.003216	0.042	
			0.00322	1.56					0.00322	0.042	
			0.003224	1.56					0.003224	0.044	
			0.003228	1.56					0.003228	0.042	
			0.003232	1.56					0.003232	0.046	
			0.003236	1.6					0.003236	0.044	
			0.00324	1.56					0.00324	0.046	
			0.003244	1.56					0.003244	0.046	
			0.003248	1.56					0.003248	0.048	
			0.003252	1.56					0.003252	0.048	
			0.003256	1.56					0.003256	0.05	
			0.00326	1.56					0.00326	0.048	
			0.003264	1.56					0.003264	0.046	
			0.003268	1.56					0.003268	0.05	
			0.003272	1.56					0.003272	0.046	
			0.003276	1.56					0.003276	0.052	
			0.00328	1.56					0.00328	0.05	
			0.003284	1.56					0.003284	0.052	
			0.003288	1.56					0.003288	0.05	
			0.003292	1.56					0.003292	0.052	
			0.003296	1.56					0.003296	0.05	
			0.0033	1.56					0.0033	0.05	
			0.003304	1.56					0.003304	0.048	
			0.003308	1.56					0.003308	0.048	
			0.003312	1.56					0.003312	0.05	
			0.003316	1.56					0.003316	0.05	
			0.00332	1.56					0.00332	0.052	
			0.003324	1.56					0.003324	0.052	
			0.003328	1.56					0.003328	0.054	
			0.003332	1.56					0.003332	0.056	
			0.003336	1.56					0.003336	0.056	
			0.00334	1.56					0.00334	0.054	
			0.003344	1.56					0.003344	0.058	
			0.003348	1.56					0.003348	0.056	
			0.003352	1.56					0.003352	0.054	
			0.003356	1.56					0.003356	0.054	
			0.00336	1.56					0.00336	0.058	
			0.003364	1.56					0.003364	0.054	
			0.003368	1.56					0.003368	0.058	
			0.003372	1.56					0.003372	0.056	
			0.003376	1.56					0.003376	0.06	
			0.00338	1.52					0.00338	0.062	
			0.003384	1.56					0.003384	0.06	
			0.003388	1.52					0.003388	0.06	
			0.003392	1.56					0.003392	0.058	
			0.003396	1.56					0.003396	0.058	
			0.0034	1.56					0.0034	0.06	
			0.003404	1.56					0.003404	0.06	
			0.003408	1.56					0.003408	0.062	
			0.003412	1.56					0.003412	0.064	
			0.003416	1.56					0.003416	0.064	
			0.00342	1.56					0.00342	0.06	
			0.003424	1.56					0.003424	0.064	
			0.003428	1.56					0.003428	0.064	
			0.003432	1.56					0.003432	0.064	
			0.003436	1.56					0.003436	0.062	
			0.00344	1.56					0.00344	0.062	
			0.003444	1.56					0.003444	0.06	
			0.003448	1.56					0.003448	0.062	
			0.003452	1.56					0.003452	0.066	
			0.003456	1.52					0.003456	0.066	
			0.00346	1.52					0.00346	0.066	
			0.003464	1.52					0.003464	0.066	
			0.003468	1.56					0.003468	0.066	
			0.003472	1.56					0.003472	0.07	
			0.003476	1.52					0.003476	0.07	
			0.00348	1.52					0.00348	0.07	
			0.003484	1.56					0.003484	0.068	
			0.003488	1.56					0.003488	0.068	
			0.003492	1.56					0.003492	0.068	
			0.003496	1.56					0.003496	0.07	
			0.0035	1.56					0.0035	0.066	
			0.003504	1.52					0.003504	0.07	
			0.003508	1.52					0.003508	0.068	
			0.003512	1.52					0.003512	0.068	
			0.003516	1.56					0.003516	0.068	
			0.00352	1.52					0.00352	0.07	
			0.003524	1.52					0.003524	0.07	
			0.003528	1.56					0.003528	0.074	
			0.003532	1.56					0.003532	0.072	
			0.003536	1.56					0.003536	0.068	
			0.00354	1.52					0.00354	0.072	
			0.003544	1.52					0.003544	0.07	
			0.003548	1.52					0.003548	0.072	
			0.003552	1.52					0.003552	0.074	
			0.003556	1.52					0.003556	0.072	
			0.00356	1.52					0.00356	0.072	
			0.003564	1.52					0.003564	0.074	
			0.003568	1.52					0.003568	0.074	
			0.003572	1.52					0.003572	0.076	
			0.003576	1.52					0.003576	0.074	
			0.00358	1.52					0.00358	0.076	
			0.003584	1.52					0.003584	0.076	
			0.003588	1.52					0.003588	0.074	
			0.003592	1.52					0.003592	0.076	
			0.003596	1.52					0.003596	0.078	
			0.0036	1.52					0.0036	0.076	
			0.003604	1.52					0.003604	0.074	
			0.003608	1.52					0.003608	0.074	
			0.003612	1.52					0.003612	0.078	
			0.003616	1.52					0.003616	0.078	
			0.00362	1.52					0.00362	0.076	
			0.003624	1.52					0.003624	0.074	
			0.003628	1.52					0.003628	0.078	
			0.003632	1.52					0.003632	0.082	
			0.003636	1.52					0.003636	0.08	
			0.00364	1.52					0.00364	0.08	
			0.003644	1.52					0.003644	0.078	
			0.003648	1.52					0.003648	0.076	
			0.003652	1.52					0.003652	0.08	
			0.003656	1.52					0.003656	0.082	
			0.00366	1.52					0.00366	0.082	
			0.003664	1.52					0.003664	0.08	
			0.003668	1.52					0.003668	0.078	
			0.003672	1.52					0.003672	0.078	
			0.003676	1.52					0.003676	0.08	
			0.00368	1.52					0.00368	0.082	
			0.003684	1.52					0.003684	0.08	
			0.003688	1.52					0.003688	0.082	
			0.003692	1.52					0.003692	0.082	
			0.003696	1.52					0.003696	0.08	
			0.0037	1.52					0.0037	0.084	
			0.003704	1.52					0.003704	0.082	
			0.003708	1.52					0.003708	0.082	
			0.003712	1.52					0.003712	0.078	
			0.003716	1.52					0.003716	0.084	
			0.00372	1.52					0.00372	0.084	
			0.003724	1.52					0.003724	0.088	
			0.003728	1.52					0.003728	0.088	
			0.003732	1.52					0.003732	0.084	
			0.003736	1.52					0.003736	0.086	
			0.00374	1.52					0.00374	0.086	
			0.003744	0.96					0.003744	0.088	
			0.003748	-1.72					0.003748	0.086	
			0.003752	-1.68					0.003752	0.084	
			0.003756	-1.64					0.003756	0.078	
			0.00376	-1.64					0.00376	0.08	
			0.003764	-1.64					0.003764	0.078	
			0.003768	-1.64					0.003768	0.078	
			0.003772	-1.64					0.003772	0.078	
			0.003776	-1.64					0.003776	0.076	
			0.00378	-1.64					0.00378	0.076	
			0.003784	-1.64					0.003784	0.07	
			0.003788	-1.64					0.003788	0.072	
			0.003792	-1.64					0.003792	0.072	
			0.003796	-1.64					0.003796	0.068	
			0.0038	-1.64					0.0038	0.068	
			0.003804	-1.64					0.003804	0.068	
			0.003808	-1.64					0.003808	0.068	
			0.003812	-1.64					0.003812	0.066	
			0.003816	-1.64					0.003816	0.066	
			0.00382	-1.64					0.00382	0.064	
			0.003824	-1.64					0.003824	0.064	
			0.003828	-1.64					0.003828	0.068	
			0.003832	-1.64					0.003832	0.062	
			0.003836	-1.64					0.003836	0.06	
			0.00384	-1.64					0.00384	0.062	
			0.003844	-1.64					0.003844	0.062	
			0.003848	-1.64					0.003848	0.056	
			0.003852	-1.64					0.003852	0.058	
			0.003856	-1.64					0.003856	0.054	
			0.00386	-1.64					0.00386	0.056	
			0.003864	-1.64					0.003864	0.058	
			0.003868	-1.64					0.003868	0.054	
			0.003872	-1.64					0.003872	0.048	
			0.003876	-1.64					0.003876	0.05	
			0.00388	-1.64					0.00388	0.05	
			0.003884	-1.64					0.003884	0.048	
			0.003888	-1.64					0.003888	0.05	
			0.003892	-1.64					0.003892	0.052	
			0.003896	-1.64					0.003896	0.046	
			0.0039	-1.64					0.0039	0.048	
			0.003904	-1.64					0.003904	0.044	
			0.003908	-1.64					0.003908	0.046	
			0.003912	-1.64					0.003912	0.044	
			0.003916	-1.64					0.003916	0.042	
			0.00392	-1.64					0.00392	0.04	
			0.003924	-1.64					0.003924	0.04	
			0.003928	-1.64					0.003928	0.038	
			0.003932	-1.64					0.003932	0.04	
			0.003936	-1.64					0.003936	0.034	
			0.00394	-1.64					0.00394	0.038	
			0.003944	-1.6					0.003944	0.036	
			0.003948	-1.64					0.003948	0.036	
			0.003952	-1.6					0.003952	0.036	
			0.003956	-1.64					0.003956	0.034	
			0.00396	-1.64					0.00396	0.034	
			0.003964	-1.64					0.003964	0.032	
			0.003968	-1.64					0.003968	0.032	
			0.003972	-1.6					0.003972	0.032	
			0.003976	-1.64					0.003976	0.034	
			0.00398	-1.64					0.00398	0.026	
			0.003984	-1.6					0.003984	0.032	
			0.003988	-1.6					0.003988	0.028	
			0.003992	-1.64					0.003992	0.022	
			0.003996	-1.6					0.003996	0.028	
			0.004	-1.64					0.004	0.026	
			0.004004	-1.6					0.004004	0.026	
			0.004008	-1.6					0.004008	0.026	
			0.004012	-1.64					0.004012	0.022	
			0.004016	-1.6					0.004016	0.026	
			0.00402	-1.64					0.00402	0.026	
			0.004024	-1.6					0.004024	0.022	
			0.004028	-1.64					0.004028	0.022	
			0.004032	-1.6					0.004032	0.02	
			0.004036	-1.6					0.004036	0.016	
			0.00404	-1.6					0.00404	0.018	
			0.004044	-1.6					0.004044	0.02	
			0.004048	-1.6					0.004048	0.02	
			0.004052	-1.6					0.004052	0.016	
			0.004056	-1.6					0.004056	0.012	
			0.00406	-1.6					0.00406	0.018	
			0.004064	-1.6					0.004064	0.014	
			0.004068	-1.6					0.004068	0.012	
			0.004072	-1.6					0.004072	0.012	
			0.004076	-1.6					0.004076	0.014	
			0.00408	-1.6					0.00408	0.01	
			0.004084	-1.64					0.004084	0.014	
			0.004088	-1.6					0.004088	0.008	
			0.004092	-1.6					0.004092	0.008	
			0.004096	-1.6					0.004096	0.008	
			0.0041	-1.6					0.0041	0.008	
			0.004104	-1.6					0.004104	0.006	
			0.004108	-1.6					0.004108	0.004	
			0.004112	-1.6					0.004112	0.002	
			0.004116	-1.6					0.004116	0.006	
			0.00412	-1.6					0.00412	0.008	
			0.004124	-1.6					0.004124	0.006	
			0.004128	-1.6					0.004128	0.002	
			0.004132	-1.6					0.004132	0.002	
			0.004136	-1.6					0.004136	0	
			0.00414	-1.6					0.00414	0	
			0.004144	-1.6					0.004144	0.002	
			0.004148	-1.6					0.004148	0.004	
			0.004152	-1.6					0.004152	-0.004	
			0.004156	-1.6					0.004156	0	
			0.00416	-1.6					0.00416	-0.002	
			0.004164	-1.6					0.004164	-0.002	
			0.004168	-1.6					0.004168	-0.002	
			0.004172	-1.6					0.004172	-0.002	
			0.004176	-1.6					0.004176	-0.004	
			0.00418	-1.6					0.00418	-0.002	
			0.004184	-1.6					0.004184	-0.004	
			0.004188	-1.6					0.004188	-0.006	
			0.004192	-1.6					0.004192	-0.006	
			0.004196	-1.6					0.004196	-0.002	
			0.0042	-1.6					0.0042	-0.006	
			0.004204	-1.6					0.004204	-0.008	
			0.004208	-1.6					0.004208	-0.008	
			0.004212	-1.6					0.004212	-0.012	
			0.004216	-1.6					0.004216	-0.012	
			0.00422	-1.6					0.00422	-0.012	
			0.004224	-1.6					0.004224	-0.012	
			0.004228	-1.6					0.004228	-0.012	
			0.004232	-1.6					0.004232	-0.016	
			0.004236	-1.6					0.004236	-0.016	
			0.00424	-1.6					0.00424	-0.016	
			0.004244	-1.6					0.004244	-0.014	
			0.004248	-1.6					0.004248	-0.012	
			0.004252	-1.6					0.004252	-0.014	
			0.004256	-1.6					0.004256	-0.016	
			0.00426	-1.6					0.00426	-0.016	
			0.004264	-1.6					0.004264	-0.016	
			0.004268	-1.56					0.004268	-0.02	
			0.004272	-1.6					0.004272	-0.018	
			0.004276	-1.6					0.004276	-0.018	
			0.00428	-1.6					0.00428	-0.02	
			0.004284	-1.6					0.004284	-0.02	
			0.004288	-1.6					0.004288	-0.018	
			0.004292	-1.56					0.004292	-0.022	
			0.004296	-1.6					0.004296	-0.024	
			0.0043	-1.6					0.0043	-0.024	
			0.004304	-1.6					0.004304	-0.02	
			0.004308	-1.6					0.004308	-0.024	
			0.004312	-1.6					0.004312	-0.024	
			0.004316	-1.6					0.004316	-0.026	
			0.00432	-1.56					0.00432	-0.02	
			0.004324	-1.6					0.004324	-0.028	
			0.004328	-1.6					0.004328	-0.024	
			0.004332	-1.6					0.004332	-0.026	
			0.004336	-1.56					0.004336	-0.024	
			0.00434	-1.6					0.00434	-0.026	
			0.004344	-1.56					0.004344	-0.028	
			0.004348	-1.56					0.004348	-0.032	
			0.004352	-1.56					0.004352	-0.03	
			0.004356	-1.6					0.004356	-0.03	
			0.00436	-1.6					0.00436	-0.032	
			0.004364	-1.6					0.004364	-0.032	
			0.004368	-1.56					0.004368	-0.028	
			0.004372	-1.56					0.004372	-0.03	
			0.004376	-1.56					0.004376	-0.028	
			0.00438	-1.56					0.00438	-0.036	
			0.004384	-1.56					0.004384	-0.034	
			0.004388	-1.56					0.004388	-0.034	
			0.004392	-1.56					0.004392	-0.032	
			0.004396	-1.56					0.004396	-0.036	
			0.0044	-1.56					0.0044	-0.032	
			0.004404	-1.56					0.004404	-0.036	
			0.004408	-1.56					0.004408	-0.038	
			0.004412	-1.56					0.004412	-0.038	
			0.004416	-1.56					0.004416	-0.038	
			0.00442	-1.56					0.00442	-0.038	
			0.004424	-1.56					0.004424	-0.036	
			0.004428	-1.56					0.004428	-0.036	
			0.004432	-1.56					0.004432	-0.036	
			0.004436	-1.56					0.004436	-0.038	
			0.00444	-1.56					0.00444	-0.04	
			0.004444	-1.56					0.004444	-0.038	
			0.004448	-1.56					0.004448	-0.042	
			0.004452	-1.56					0.004452	-0.04	
			0.004456	-1.56					0.004456	-0.038	
			0.00446	-1.56					0.00446	-0.044	
			0.004464	-1.56					0.004464	-0.044	
			0.004468	-1.56					0.004468	-0.042	
			0.004472	-1.56					0.004472	-0.044	
			0.004476	-1.56					0.004476	-0.044	
			0.00448	-1.56					0.00448	-0.044	
			0.004484	-1.56					0.004484	-0.046	
			0.004488	-1.56					0.004488	-0.046	
			0.004492	-1.56					0.004492	-0.048	
			0.004496	-1.56					0.004496	-0.046	
			0.0045	-1.56					0.0045	-0.048	
			0.004504	-1.56					0.004504	-0.046	
			0.004508	-1.56					0.004508	-0.046	
			0.004512	-1.56					0.004512	-0.046	
			0.004516	-1.56					0.004516	-0.048	
			0.00452	-1.56					0.00452	-0.048	
			0.004524	-1.56					0.004524	-0.054	
			0.004528	-1.56					0.004528	-0.048	
			0.004532	-1.56					0.004532	-0.048	
			0.004536	-1.56					0.004536	-0.048	
			0.00454	-1.56					0.00454	-0.052	
			0.004544	-1.56					0.004544	-0.05	
			0.004548	-1.56					0.004548	-0.054	
			0.004552	-1.56					0.004552	-0.048	
			0.004556	-1.56					0.004556	-0.046	
			0.00456	-1.56					0.00456	-0.054	
			0.004564	-1.56					0.004564	-0.054	
			0.004568	-1.56					0.004568	-0.052	
			0.004572	-1.56					0.004572	-0.054	
			0.004576	-1.56					0.004576	-0.052	
			0.00458	-1.56					0.00458	-0.054	
			0.004584	-1.56					0.004584	-0.054	
			0.004588	-1.56					0.004588	-0.054	
			0.004592	-1.56					0.004592	-0.054	
			0.004596	-1.56					0.004596	-0.054	
			0.0046	-1.56					0.0046	-0.054	
			0.004604	-1.56					0.004604	-0.06	
			0.004608	-1.56					0.004608	-0.056	
			0.004612	-1.56					0.004612	-0.058	
			0.004616	-1.56					0.004616	-0.058	
			0.00462	-1.56					0.00462	-0.056	
			0.004624	-1.52					0.004624	-0.056	
			0.004628	-1.56					0.004628	-0.058	
			0.004632	-1.56					0.004632	-0.06	
			0.004636	-1.56					0.004636	-0.056	
			0.00464	-1.56					0.00464	-0.058	
			0.004644	-1.52					0.004644	-0.06	
			0.004648	-1.56					0.004648	-0.066	
			0.004652	-1.56					0.004652	-0.06	
			0.004656	-1.56					0.004656	-0.06	
			0.00466	-1.56					0.00466	-0.062	
			0.004664	-1.52					0.004664	-0.062	
			0.004668	-1.56					0.004668	-0.062	
			0.004672	-1.56					0.004672	-0.066	
			0.004676	-1.56					0.004676	-0.064	
			0.00468	-1.56					0.00468	-0.064	
			0.004684	-1.56					0.004684	-0.064	
			0.004688	-1.52					0.004688	-0.066	
			0.004692	-1.56					0.004692	-0.066	
			0.004696	-1.56					0.004696	-0.068	
			0.0047	-1.52					0.0047	-0.066	
			0.004704	-1.52					0.004704	-0.064	
			0.004708	-1.56					0.004708	-0.064	
			0.004712	-1.56					0.004712	-0.066	
			0.004716	-1.52					0.004716	-0.066	
			0.00472	-1.52					0.00472	-0.068	
			0.004724	-1.52					0.004724	-0.068	
			0.004728	-1.52					0.004728	-0.066	
			0.004732	-1.52					0.004732	-0.066	
			0.004736	-1.52					0.004736	-0.062	
			0.00474	-1.52					0.00474	-0.068	
			0.004744	-1.56					0.004744	-0.07	
			0.004748	-1.52					0.004748	-0.072	
			0.004752	-1.52					0.004752	-0.072	
			0.004756	-1.52					0.004756	-0.068	
			0.00476	-1.52					0.00476	-0.072	
			0.004764	-1.56					0.004764	-0.07	
			0.004768	-1.52					0.004768	-0.072	
			0.004772	-1.52					0.004772	-0.07	
			0.004776	-1.52					0.004776	-0.07	
			0.00478	-1.52					0.00478	-0.068	
			0.004784	-1.52					0.004784	-0.07	
			0.004788	-1.52					0.004788	-0.07	
			0.004792	-1.52					0.004792	-0.074	
			0.004796	-1.52					0.004796	-0.076	
			0.0048	-1.52					0.0048	-0.07	
			0.004804	-1.52					0.004804	-0.074	
			0.004808	-1.52					0.004808	-0.072	
			0.004812	-1.52					0.004812	-0.072	
			0.004816	-1.52					0.004816	-0.072	
			0.00482	-1.52					0.00482	-0.074	
			0.004824	-1.52					0.004824	-0.072	
			0.004828	-1.52					0.004828	-0.074	
			0.004832	-1.52					0.004832	-0.072	
			0.004836	-1.52					0.004836	-0.072	
			0.00484	-1.52					0.00484	-0.078	
			0.004844	-1.52					0.004844	-0.074	
			0.004848	-1.52					0.004848	-0.074	
			0.004852	-1.52					0.004852	-0.076	
			0.004856	-1.52					0.004856	-0.082	
			0.00486	-1.52					0.00486	-0.078	
			0.004864	-1.52					0.004864	-0.076	
			0.004868	-1.52					0.004868	-0.076	
			0.004872	-1.52					0.004872	-0.074	
			0.004876	-1.52					0.004876	-0.078	
			0.00488	-1.52					0.00488	-0.078	
			0.004884	-1.52					0.004884	-0.076	
			0.004888	-1.52					0.004888	-0.072	
			0.004892	-1.52					0.004892	-0.078	
			0.004896	-1.52					0.004896	-0.076	
			0.0049	-1.52					0.0049	-0.076	
			0.004904	-1.52					0.004904	-0.076	
			0.004908	-1.52					0.004908	-0.082	
			0.004912	-1.52					0.004912	-0.08	
			0.004916	-1.52					0.004916	-0.078	
			0.00492	-1.52					0.00492	-0.08	
			0.004924	-1.52					0.004924	-0.08	
			0.004928	-1.48					0.004928	-0.08	
			0.004932	-1.52					0.004932	-0.082	
			0.004936	-1.52					0.004936	-0.082	
			0.00494	-1.52					0.00494	-0.084	
			0.004944	-1.52					0.004944	-0.082	
			0.004948	-1.48					0.004948	-0.086	
			0.004952	-1.52					0.004952	-0.084	
			0.004956	-1.52					0.004956	-0.08	
			0.00496	-1.48					0.00496	-0.082	
			0.004964	-1.52					0.004964	-0.082	
			0.004968	-1.52					0.004968	-0.086	
			0.004972	-1.52					0.004972	-0.086	
			0.004976	-1.52					0.004976	-0.08	
			0.00498	-1.52					0.00498	-0.084	
			0.004984	-1.52					0.004984	-0.084	
			0.004988	-1.52					0.004988	-0.088	
			0.004992	-1.52					0.004992	-0.084	
			0.004996	0.48					0.004996	-0.084	
			0.005	1.8					0.005	-0.084	
