Record Length	2500	Points	-0.00125	0.12		Record Length	2500	Points	-0.00125	4.2	
Sample Interval	1e-006	s	-0.001249	0.14		Sample Interval	1e-006	s	-0.001249	4.2	
Trigger Point	1250.000092	Samples	-0.001248	0.132		Trigger Point	1250.000092	Samples	-0.001248	4.4	
			-0.001247	0.14					-0.001247	4.4	
			-0.001246	0.12					-0.001246	4.6	
			-0.001245	0.124					-0.001245	4.6	
Source	CH1		-0.001244	0.092		Source	CH2		-0.001244	4.6	
Vertical Units	Volts		-0.001243	0.116		Vertical Units	Volts		-0.001243	4.6	
Vertical Scale	100.0000047E-3		-0.001242	0.108		Vertical Scale	5.00000007		-0.001242	4.6	
Vertical Offset	0		-0.001241	0.108		Vertical Offset	0		-0.001241	4.8	
Horizontal Units	s		-0.00124	0.1		Horizontal Units	s		-0.00124	4.8	
Horizontal Scale	249.99999937E-6		-0.001239	0.064		Horizontal Scale	249.99999937E-6		-0.001239	4.8	
Pt Fmt	Y		-0.001238	0.096		Pt Fmt	Y		-0.001238	4.8	
Yzero	0.0		-0.001237	0.112		Yzero	0.0		-0.001237	5	
Probe Atten	1.000000		-0.001236	0.096		Probe Atten	1.000000		-0.001236	5	
			-0.001235	0.092					-0.001235	5	
Note	TBS 1052B-EDU - 10:26:09 a.m.   03/03/2017		-0.001234	0.112		Note	TBS 1052B-EDU - 10:26:09 a.m.   03/03/2017		-0.001234	5	
			-0.001233	0.1					-0.001233	5.2	
			-0.001232	0.136					-0.001232	5.2	
			-0.001231	0.1					-0.001231	5.2	
			-0.00123	0.096					-0.00123	5.4	
			-0.001229	0.136					-0.001229	5.4	
			-0.001228	0.128					-0.001228	5.4	
			-0.001227	0.14					-0.001227	5.6	
			-0.001226	0.108					-0.001226	5.6	
			-0.001225	0.084					-0.001225	5.6	
			-0.001224	0.072					-0.001224	5.8	
			-0.001223	0.092					-0.001223	5.8	
			-0.001222	0.092					-0.001222	5.8	
			-0.001221	0.092					-0.001221	6	
			-0.00122	0.136					-0.00122	6	
			-0.001219	0.136					-0.001219	6	
			-0.001218	0.108					-0.001218	6.2	
			-0.001217	0.096					-0.001217	6.2	
			-0.001216	0.084					-0.001216	6.2	
			-0.001215	0.084					-0.001215	6.2	
			-0.001214	0.092					-0.001214	6.4	
			-0.001213	0.08					-0.001213	6.4	
			-0.001212	0.084					-0.001212	6.4	
			-0.001211	0.096					-0.001211	6.6	
			-0.00121	0.12					-0.00121	6.6	
			-0.001209	0.116					-0.001209	6.6	
			-0.001208	0.096					-0.001208	6.8	
			-0.001207	0.112					-0.001207	6.8	
			-0.001206	0.112					-0.001206	6.8	
			-0.001205	0.136					-0.001205	6.8	
			-0.001204	0.116					-0.001204	6.8	
			-0.001203	0.132					-0.001203	7	
			-0.001202	0.12					-0.001202	7	
			-0.001201	0.12					-0.001201	7	
			-0.0012	0.116					-0.0012	7	
			-0.001199	0.088					-0.001199	7.2	
			-0.001198	0.108					-0.001198	7.2	
			-0.001197	0.1					-0.001197	7.2	
			-0.001196	0.132					-0.001196	7.4	
			-0.001195	0.092					-0.001195	7.4	
			-0.001194	0.1					-0.001194	7.4	
			-0.001193	0.084					-0.001193	7.6	
			-0.001192	0.132					-0.001192	7.6	
			-0.001191	0.14					-0.001191	7.8	
			-0.00119	0.108					-0.00119	7.8	
			-0.001189	0.1					-0.001189	7.8	
			-0.001188	0.08					-0.001188	7.8	
			-0.001187	0.06					-0.001187	8	
			-0.001186	0.04					-0.001186	8	
			-0.001185	0.068					-0.001185	8.2	
			-0.001184	0.092					-0.001184	8.2	
			-0.001183	0.108					-0.001183	8.2	
			-0.001182	0.112					-0.001182	8.2	
			-0.001181	0.104					-0.001181	8.2	
			-0.00118	0.112					-0.00118	8.4	
			-0.001179	0.124					-0.001179	8.4	
			-0.001178	0.088					-0.001178	8.4	
			-0.001177	0.092					-0.001177	8.6	
			-0.001176	0.084					-0.001176	8.6	
			-0.001175	0.112					-0.001175	8.6	
			-0.001174	0.124					-0.001174	8.8	
			-0.001173	0.104					-0.001173	8.8	
			-0.001172	0.112					-0.001172	8.8	
			-0.001171	0.096					-0.001171	8.8	
			-0.00117	0.12					-0.00117	8.8	
			-0.001169	0.112					-0.001169	9	
			-0.001168	0.068					-0.001168	9	
			-0.001167	0.108					-0.001167	9.2	
			-0.001166	0.076					-0.001166	9.2	
			-0.001165	0.092					-0.001165	9.2	
			-0.001164	0.076					-0.001164	9.4	
			-0.001163	0.08					-0.001163	9.4	
			-0.001162	0.08					-0.001162	9.4	
			-0.001161	0.088					-0.001161	9.4	
			-0.00116	0.076					-0.00116	9.4	
			-0.001159	0.052					-0.001159	9.6	
			-0.001158	0.052					-0.001158	9.6	
			-0.001157	0.056					-0.001157	9.8	
			-0.001156	0.104					-0.001156	9.8	
			-0.001155	0.096					-0.001155	9.8	
			-0.001154	0.116					-0.001154	9.8	
			-0.001153	0.092					-0.001153	10	
			-0.001152	0.124					-0.001152	10	
			-0.001151	0.108					-0.001151	9.8	
			-0.00115	0.076					-0.00115	9.8	
			-0.001149	0.06					-0.001149	9.8	
			-0.001148	0.068					-0.001148	9.8	
			-0.001147	0.096					-0.001147	9.6	
			-0.001146	0.1					-0.001146	9.6	
			-0.001145	0.092					-0.001145	9.6	
			-0.001144	0.104					-0.001144	9.6	
			-0.001143	0.116					-0.001143	9.4	
			-0.001142	0.124					-0.001142	9.4	
			-0.001141	0.096					-0.001141	9.2	
			-0.00114	0.08					-0.00114	9.2	
			-0.001139	0.092					-0.001139	9.2	
			-0.001138	0.112					-0.001138	9	
			-0.001137	0.104					-0.001137	9	
			-0.001136	0.108					-0.001136	9.2	
			-0.001135	0.068					-0.001135	9	
			-0.001134	0.096					-0.001134	8.8	
			-0.001133	0.084					-0.001133	8.8	
			-0.001132	0.092					-0.001132	8.8	
			-0.001131	0.084					-0.001131	8.8	
			-0.00113	0.076					-0.00113	8.8	
			-0.001129	0.104					-0.001129	8.6	
			-0.001128	0.112					-0.001128	8.6	
			-0.001127	0.112					-0.001127	8.6	
			-0.001126	0.1					-0.001126	8.4	
			-0.001125	0.052					-0.001125	8.4	
			-0.001124	0.076					-0.001124	8.2	
			-0.001123	0.08					-0.001123	8.2	
			-0.001122	0.08					-0.001122	8.2	
			-0.001121	0.108					-0.001121	8	
			-0.00112	0.06					-0.00112	8.2	
			-0.001119	0.096					-0.001119	8	
			-0.001118	0.108					-0.001118	8	
			-0.001117	0.112					-0.001117	7.8	
			-0.001116	0.104					-0.001116	7.8	
			-0.001115	0.1					-0.001115	7.8	
			-0.001114	0.08					-0.001114	7.8	
			-0.001113	0.088					-0.001113	7.6	
			-0.001112	0.04					-0.001112	7.6	
			-0.001111	0.068					-0.001111	7.6	
			-0.00111	0.064					-0.00111	7.4	
			-0.001109	0.12					-0.001109	7.4	
			-0.001108	0.116					-0.001108	7.2	
			-0.001107	0.1					-0.001107	7.2	
			-0.001106	0.096					-0.001106	7.2	
			-0.001105	0.068					-0.001105	7	
			-0.001104	0.064					-0.001104	7	
			-0.001103	0.064					-0.001103	7	
			-0.001102	0.052					-0.001102	7	
			-0.001101	0.036					-0.001101	6.8	
			-0.0011	0.088					-0.0011	6.8	
			-0.001099	0.068					-0.001099	6.8	
			-0.001098	0.12					-0.001098	6.8	
			-0.001097	0.068					-0.001097	6.8	
			-0.001096	0.088					-0.001096	6.6	
			-0.001095	0.092					-0.001095	6.6	
			-0.001094	0.104					-0.001094	6.6	
			-0.001093	0.112					-0.001093	6.4	
			-0.001092	0.084					-0.001092	6.4	
			-0.001091	0.092					-0.001091	6.4	
			-0.00109	0.096					-0.00109	6.4	
			-0.001089	0.092					-0.001089	6.2	
			-0.001088	0.084					-0.001088	6.2	
			-0.001087	0.076					-0.001087	6.2	
			-0.001086	0.088					-0.001086	6	
			-0.001085	0.104					-0.001085	6	
			-0.001084	0.072					-0.001084	5.8	
			-0.001083	0.068					-0.001083	5.8	
			-0.001082	0.028					-0.001082	5.8	
			-0.001081	0.076					-0.001081	5.8	
			-0.00108	0.088					-0.00108	5.8	
			-0.001079	0.08					-0.001079	5.6	
			-0.001078	0.076					-0.001078	5.6	
			-0.001077	0.04					-0.001077	5.6	
			-0.001076	0.068					-0.001076	5.4	
			-0.001075	0.052					-0.001075	5.4	
			-0.001074	0.08					-0.001074	5.2	
			-0.001073	0.096					-0.001073	5.2	
			-0.001072	0.116					-0.001072	5.2	
			-0.001071	0.132					-0.001071	5.2	
			-0.00107	0.12					-0.00107	5	
			-0.001069	0.12					-0.001069	5	
			-0.001068	0.068					-0.001068	5	
			-0.001067	0.084					-0.001067	4.8	
			-0.001066	0.068					-0.001066	4.8	
			-0.001065	0.072					-0.001065	4.8	
			-0.001064	0.06					-0.001064	4.8	
			-0.001063	0.06					-0.001063	4.6	
			-0.001062	0.084					-0.001062	4.6	
			-0.001061	0.08					-0.001061	4.6	
			-0.00106	0.08					-0.00106	4.4	
			-0.001059	0.064					-0.001059	4.6	
			-0.001058	0.072					-0.001058	4.4	
			-0.001057	0.076					-0.001057	4.4	
			-0.001056	0.088					-0.001056	4.4	
			-0.001055	0.064					-0.001055	4.2	
			-0.001054	0.068					-0.001054	4.2	
			-0.001053	0.06					-0.001053	4.2	
			-0.001052	0.104					-0.001052	4	
			-0.001051	0.088					-0.001051	4	
			-0.00105	0.1					-0.00105	4	
			-0.001049	0.092					-0.001049	3.8	
			-0.001048	0.088					-0.001048	3.8	
			-0.001047	0.104					-0.001047	3.8	
			-0.001046	0.072					-0.001046	3.8	
			-0.001045	0.072					-0.001045	3.6	
			-0.001044	0.036					-0.001044	3.4	
			-0.001043	0.048					-0.001043	3.4	
			-0.001042	0.052					-0.001042	3.4	
			-0.001041	0.088					-0.001041	3.4	
			-0.00104	0.088					-0.00104	3.2	
			-0.001039	0.064					-0.001039	3.2	
			-0.001038	0.076					-0.001038	3.2	
			-0.001037	0.076					-0.001037	3.2	
			-0.001036	0.072					-0.001036	3	
			-0.001035	0.048					-0.001035	3	
			-0.001034	0.052					-0.001034	2.8	
			-0.001033	0.076					-0.001033	3	
			-0.001032	0.112					-0.001032	2.8	
			-0.001031	0.088					-0.001031	2.8	
			-0.00103	0.044					-0.00103	2.6	
			-0.001029	0.052					-0.001029	2.8	
			-0.001028	0.08					-0.001028	2.6	
			-0.001027	0.092					-0.001027	2.6	
			-0.001026	0.076					-0.001026	2.4	
			-0.001025	0.06					-0.001025	2.4	
			-0.001024	0.064					-0.001024	2.4	
			-0.001023	0.112					-0.001023	2.2	
			-0.001022	0.08					-0.001022	2.2	
			-0.001021	0.084					-0.001021	2.2	
			-0.00102	0.076					-0.00102	2.2	
			-0.001019	0.048					-0.001019	2.2	
			-0.001018	0.08					-0.001018	2	
			-0.001017	0.076					-0.001017	1.8	
			-0.001016	0.068					-0.001016	1.8	
			-0.001015	0.088					-0.001015	1.8	
			-0.001014	0.092					-0.001014	1.8	
			-0.001013	0.1					-0.001013	1.6	
			-0.001012	0.076					-0.001012	1.6	
			-0.001011	0.016					-0.001011	1.6	
			-0.00101	0.06					-0.00101	1.6	
			-0.001009	0.048					-0.001009	1.4	
			-0.001008	0.068					-0.001008	1.4	
			-0.001007	0.032					-0.001007	1.4	
			-0.001006	0.02					-0.001006	1.2	
			-0.001005	0.064					-0.001005	1.2	
			-0.001004	0.092					-0.001004	1.2	
			-0.001003	0.112					-0.001003	1	
			-0.001002	0.108					-0.001002	1	
			-0.001001	-0.032					-0.001001	0.8	
			-0.001	-0.252					-0.001	0.8	
			-0.000999	-0.24					-0.000999	0.8	
			-0.000998	-0.204					-0.000998	0.8	
			-0.000997	-0.128					-0.000997	0.8	
			-0.000996	-0.104					-0.000996	0.6	
			-0.000995	-0.06					-0.000995	0.6	
			-0.000994	-0.1					-0.000994	0.6	
			-0.000993	-0.108					-0.000993	0.4	
			-0.000992	-0.148					-0.000992	0.4	
			-0.000991	-0.14					-0.000991	0.4	
			-0.00099	-0.164					-0.00099	0.4	
			-0.000989	-0.14					-0.000989	0.2	
			-0.000988	-0.168					-0.000988	0.2	
			-0.000987	-0.16					-0.000987	0.2	
			-0.000986	-0.176					-0.000986	0	
			-0.000985	-0.148					-0.000985	0	
			-0.000984	-0.164					-0.000984	0	
			-0.000983	-0.164					-0.000983	0	
			-0.000982	-0.184					-0.000982	-0.2	
			-0.000981	-0.204					-0.000981	-0.2	
			-0.00098	-0.176					-0.00098	-0.2	
			-0.000979	-0.204					-0.000979	-0.4	
			-0.000978	-0.2					-0.000978	-0.4	
			-0.000977	-0.216					-0.000977	-0.4	
			-0.000976	-0.208					-0.000976	-0.6	
			-0.000975	-0.208					-0.000975	-0.6	
			-0.000974	-0.188					-0.000974	-0.6	
			-0.000973	-0.232					-0.000973	-0.6	
			-0.000972	-0.22					-0.000972	-0.8	
			-0.000971	-0.22					-0.000971	-0.8	
			-0.00097	-0.22					-0.00097	-0.8	
			-0.000969	-0.216					-0.000969	-1	
			-0.000968	-0.236					-0.000968	-1	
			-0.000967	-0.212					-0.000967	-1	
			-0.000966	-0.2					-0.000966	-1.2	
			-0.000965	-0.192					-0.000965	-1.2	
			-0.000964	-0.216					-0.000964	-1.2	
			-0.000963	-0.216					-0.000963	-1.2	
			-0.000962	-0.204					-0.000962	-1.4	
			-0.000961	-0.164					-0.000961	-1.4	
			-0.00096	-0.16					-0.00096	-1.6	
			-0.000959	-0.156					-0.000959	-1.6	
			-0.000958	-0.112					-0.000958	-1.6	
			-0.000957	-0.112					-0.000957	-1.6	
			-0.000956	-0.088					-0.000956	-1.8	
			-0.000955	-0.152					-0.000955	-1.8	
			-0.000954	-0.16					-0.000954	-1.8	
			-0.000953	-0.192					-0.000953	-2	
			-0.000952	-0.156					-0.000952	-2	
			-0.000951	-0.136					-0.000951	-2	
			-0.00095	-0.144					-0.00095	-2.2	
			-0.000949	-0.096					-0.000949	-2	
			-0.000948	-0.108					-0.000948	-2.2	
			-0.000947	-0.08					-0.000947	-2.4	
			-0.000946	-0.112					-0.000946	-2.4	
			-0.000945	-0.128					-0.000945	-2.4	
			-0.000944	-0.124					-0.000944	-2.4	
			-0.000943	-0.124					-0.000943	-2.6	
			-0.000942	-0.152					-0.000942	-2.6	
			-0.000941	-0.128					-0.000941	-2.6	
			-0.00094	-0.116					-0.00094	-2.8	
			-0.000939	-0.08					-0.000939	-2.8	
			-0.000938	-0.096					-0.000938	-2.8	
			-0.000937	-0.112					-0.000937	-3	
			-0.000936	-0.128					-0.000936	-3	
			-0.000935	-0.14					-0.000935	-3	
			-0.000934	-0.12					-0.000934	-3	
			-0.000933	-0.144					-0.000933	-3	
			-0.000932	-0.132					-0.000932	-3.2	
			-0.000931	-0.116					-0.000931	-3.2	
			-0.00093	-0.116					-0.00093	-3.2	
			-0.000929	-0.096					-0.000929	-3.4	
			-0.000928	-0.112					-0.000928	-3.4	
			-0.000927	-0.1					-0.000927	-3.4	
			-0.000926	-0.104					-0.000926	-3.6	
			-0.000925	-0.096					-0.000925	-3.6	
			-0.000924	-0.096					-0.000924	-3.6	
			-0.000923	-0.108					-0.000923	-3.6	
			-0.000922	-0.108					-0.000922	-3.8	
			-0.000921	-0.084					-0.000921	-4	
			-0.00092	-0.096					-0.00092	-3.8	
			-0.000919	-0.108					-0.000919	-4	
			-0.000918	-0.116					-0.000918	-4	
			-0.000917	-0.132					-0.000917	-4	
			-0.000916	-0.112					-0.000916	-4	
			-0.000915	-0.144					-0.000915	-4.2	
			-0.000914	-0.116					-0.000914	-4.2	
			-0.000913	-0.132					-0.000913	-4.2	
			-0.000912	-0.1					-0.000912	-4.4	
			-0.000911	-0.148					-0.000911	-4.4	
			-0.00091	-0.156					-0.00091	-4.4	
			-0.000909	-0.132					-0.000909	-4.6	
			-0.000908	-0.132					-0.000908	-4.6	
			-0.000907	-0.116					-0.000907	-4.6	
			-0.000906	-0.1					-0.000906	-4.6	
			-0.000905	-0.12					-0.000905	-4.8	
			-0.000904	-0.084					-0.000904	-4.8	
			-0.000903	-0.064					-0.000903	-5	
			-0.000902	-0.084					-0.000902	-5	
			-0.000901	-0.1					-0.000901	-5	
			-0.0009	-0.128					-0.0009	-5	
			-0.000899	-0.096					-0.000899	-5.2	
			-0.000898	-0.124					-0.000898	-5.2	
			-0.000897	-0.072					-0.000897	-5.2	
			-0.000896	-0.112					-0.000896	-5.4	
			-0.000895	-0.064					-0.000895	-5.4	
			-0.000894	-0.084					-0.000894	-5.4	
			-0.000893	-0.096					-0.000893	-5.4	
			-0.000892	-0.108					-0.000892	-5.6	
			-0.000891	-0.132					-0.000891	-5.6	
			-0.00089	-0.14					-0.00089	-5.6	
			-0.000889	-0.128					-0.000889	-5.8	
			-0.000888	-0.116					-0.000888	-5.8	
			-0.000887	-0.148					-0.000887	-5.8	
			-0.000886	-0.136					-0.000886	-6	
			-0.000885	-0.128					-0.000885	-6	
			-0.000884	-0.104					-0.000884	-6	
			-0.000883	-0.104					-0.000883	-6.2	
			-0.000882	-0.076					-0.000882	-6.2	
			-0.000881	-0.1					-0.000881	-6.2	
			-0.00088	-0.072					-0.00088	-6.2	
			-0.000879	-0.128					-0.000879	-6.4	
			-0.000878	-0.1					-0.000878	-6.4	
			-0.000877	-0.1					-0.000877	-6.6	
			-0.000876	-0.072					-0.000876	-6.6	
			-0.000875	-0.06					-0.000875	-6.6	
			-0.000874	-0.08					-0.000874	-6.6	
			-0.000873	-0.072					-0.000873	-6.8	
			-0.000872	-0.076					-0.000872	-6.8	
			-0.000871	-0.048					-0.000871	-6.8	
			-0.00087	-0.096					-0.00087	-7	
			-0.000869	-0.1					-0.000869	-7	
			-0.000868	-0.124					-0.000868	-7	
			-0.000867	-0.12					-0.000867	-7	
			-0.000866	-0.104					-0.000866	-7.2	
			-0.000865	-0.1					-0.000865	-7.2	
			-0.000864	-0.096					-0.000864	-7.2	
			-0.000863	-0.084					-0.000863	-7.4	
			-0.000862	-0.1					-0.000862	-7.4	
			-0.000861	-0.12					-0.000861	-7.4	
			-0.00086	-0.112					-0.00086	-7.6	
			-0.000859	-0.124					-0.000859	-7.6	
			-0.000858	-0.108					-0.000858	-7.6	
			-0.000857	-0.1					-0.000857	-7.8	
			-0.000856	-0.112					-0.000856	-7.8	
			-0.000855	-0.096					-0.000855	-7.8	
			-0.000854	-0.108					-0.000854	-7.8	
			-0.000853	-0.084					-0.000853	-8	
			-0.000852	-0.112					-0.000852	-8	
			-0.000851	-0.088					-0.000851	-8	
			-0.00085	-0.088					-0.00085	-8	
			-0.000849	-0.1					-0.000849	-8.2	
			-0.000848	-0.084					-0.000848	-8.2	
			-0.000847	-0.092					-0.000847	-8.2	
			-0.000846	-0.08					-0.000846	-8.4	
			-0.000845	-0.072					-0.000845	-8.4	
			-0.000844	-0.088					-0.000844	-8.4	
			-0.000843	-0.112					-0.000843	-8.6	
			-0.000842	-0.116					-0.000842	-8.6	
			-0.000841	-0.132					-0.000841	-8.6	
			-0.00084	-0.1					-0.00084	-8.8	
			-0.000839	-0.096					-0.000839	-8.8	
			-0.000838	-0.096					-0.000838	-8.8	
			-0.000837	-0.104					-0.000837	-9	
			-0.000836	-0.088					-0.000836	-9	
			-0.000835	-0.112					-0.000835	-9	
			-0.000834	-0.104					-0.000834	-9	
			-0.000833	-0.104					-0.000833	-9	
			-0.000832	-0.1					-0.000832	-9.2	
			-0.000831	-0.08					-0.000831	-9.2	
			-0.00083	-0.096					-0.00083	-9.2	
			-0.000829	-0.084					-0.000829	-9.2	
			-0.000828	-0.072					-0.000828	-9.4	
			-0.000827	-0.076					-0.000827	-9.4	
			-0.000826	-0.068					-0.000826	-9.4	
			-0.000825	-0.08					-0.000825	-9.6	
			-0.000824	-0.08					-0.000824	-9.6	
			-0.000823	-0.104					-0.000823	-9.8	
			-0.000822	-0.1					-0.000822	-9.8	
			-0.000821	-0.12					-0.000821	-9.8	
			-0.00082	-0.096					-0.00082	-9.8	
			-0.000819	-0.108					-0.000819	-9.8	
			-0.000818	-0.096					-0.000818	-9.8	
			-0.000817	-0.1					-0.000817	-9.8	
			-0.000816	-0.104					-0.000816	-9.6	
			-0.000815	-0.088					-0.000815	-9.6	
			-0.000814	-0.08					-0.000814	-9.6	
			-0.000813	-0.084					-0.000813	-9.6	
			-0.000812	-0.116					-0.000812	-9.4	
			-0.000811	-0.124					-0.000811	-9.4	
			-0.00081	-0.104					-0.00081	-9.4	
			-0.000809	-0.104					-0.000809	-9.4	
			-0.000808	-0.096					-0.000808	-9.2	
			-0.000807	-0.072					-0.000807	-9.2	
			-0.000806	-0.056					-0.000806	-9.2	
			-0.000805	-0.044					-0.000805	-9	
			-0.000804	-0.056					-0.000804	-9	
			-0.000803	-0.068					-0.000803	-8.8	
			-0.000802	-0.084					-0.000802	-9	
			-0.000801	-0.08					-0.000801	-8.8	
			-0.0008	-0.116					-0.0008	-8.8	
			-0.000799	-0.116					-0.000799	-8.8	
			-0.000798	-0.128					-0.000798	-8.8	
			-0.000797	-0.1					-0.000797	-8.6	
			-0.000796	-0.08					-0.000796	-8.6	
			-0.000795	-0.064					-0.000795	-8.6	
			-0.000794	-0.108					-0.000794	-8.6	
			-0.000793	-0.076					-0.000793	-8.4	
			-0.000792	-0.108					-0.000792	-8.4	
			-0.000791	-0.084					-0.000791	-8.2	
			-0.00079	-0.096					-0.00079	-8.2	
			-0.000789	-0.12					-0.000789	-8.2	
			-0.000788	-0.084					-0.000788	-8.2	
			-0.000787	-0.068					-0.000787	-8	
			-0.000786	-0.06					-0.000786	-8	
			-0.000785	-0.108					-0.000785	-8	
			-0.000784	-0.06					-0.000784	-8	
			-0.000783	-0.08					-0.000783	-7.8	
			-0.000782	-0.032					-0.000782	-7.8	
			-0.000781	-0.112					-0.000781	-7.6	
			-0.00078	-0.104					-0.00078	-7.6	
			-0.000779	-0.084					-0.000779	-7.6	
			-0.000778	-0.084					-0.000778	-7.4	
			-0.000777	-0.084					-0.000777	-7.4	
			-0.000776	-0.116					-0.000776	-7.4	
			-0.000775	-0.128					-0.000775	-7.2	
			-0.000774	-0.116					-0.000774	-7.2	
			-0.000773	-0.108					-0.000773	-7.2	
			-0.000772	-0.112					-0.000772	-7.2	
			-0.000771	-0.128					-0.000771	-7	
			-0.00077	-0.096					-0.00077	-7	
			-0.000769	-0.056					-0.000769	-7	
			-0.000768	-0.052					-0.000768	-7	
			-0.000767	-0.072					-0.000767	-6.8	
			-0.000766	-0.076					-0.000766	-6.8	
			-0.000765	-0.072					-0.000765	-6.8	
			-0.000764	-0.052					-0.000764	-6.6	
			-0.000763	-0.08					-0.000763	-6.6	
			-0.000762	-0.104					-0.000762	-6.4	
			-0.000761	-0.1					-0.000761	-6.6	
			-0.00076	-0.092					-0.00076	-6.4	
			-0.000759	-0.084					-0.000759	-6.4	
			-0.000758	-0.104					-0.000758	-6.4	
			-0.000757	-0.104					-0.000757	-6.4	
			-0.000756	-0.064					-0.000756	-6.2	
			-0.000755	-0.044					-0.000755	-6.2	
			-0.000754	-0.076					-0.000754	-6	
			-0.000753	-0.088					-0.000753	-6	
			-0.000752	-0.112					-0.000752	-6	
			-0.000751	-0.1					-0.000751	-5.8	
			-0.00075	-0.116					-0.00075	-5.8	
			-0.000749	-0.112					-0.000749	-5.8	
			-0.000748	-0.088					-0.000748	-5.6	
			-0.000747	-0.08					-0.000747	-5.6	
			-0.000746	-0.044					-0.000746	-5.6	
			-0.000745	-0.076					-0.000745	-5.6	
			-0.000744	-0.056					-0.000744	-5.4	
			-0.000743	-0.104					-0.000743	-5.4	
			-0.000742	-0.088					-0.000742	-5.4	
			-0.000741	-0.108					-0.000741	-5.2	
			-0.00074	-0.128					-0.00074	-5.2	
			-0.000739	-0.096					-0.000739	-5.2	
			-0.000738	-0.06					-0.000738	-5.2	
			-0.000737	-0.052					-0.000737	-5	
			-0.000736	-0.052					-0.000736	-5	
			-0.000735	-0.06					-0.000735	-5	
			-0.000734	-0.064					-0.000734	-4.8	
			-0.000733	-0.06					-0.000733	-4.8	
			-0.000732	-0.12					-0.000732	-4.8	
			-0.000731	-0.084					-0.000731	-4.6	
			-0.00073	-0.116					-0.00073	-4.6	
			-0.000729	-0.096					-0.000729	-4.6	
			-0.000728	-0.08					-0.000728	-4.6	
			-0.000727	-0.088					-0.000727	-4.4	
			-0.000726	-0.08					-0.000726	-4.4	
			-0.000725	-0.068					-0.000725	-4.2	
			-0.000724	-0.068					-0.000724	-4.2	
			-0.000723	-0.064					-0.000723	-4.2	
			-0.000722	-0.108					-0.000722	-4.2	
			-0.000721	-0.084					-0.000721	-4	
			-0.00072	-0.064					-0.00072	-4	
			-0.000719	-0.072					-0.000719	-3.8	
			-0.000718	-0.06					-0.000718	-3.8	
			-0.000717	-0.056					-0.000717	-3.8	
			-0.000716	-0.052					-0.000716	-3.8	
			-0.000715	-0.076					-0.000715	-3.6	
			-0.000714	-0.068					-0.000714	-3.6	
			-0.000713	-0.12					-0.000713	-3.6	
			-0.000712	-0.084					-0.000712	-3.6	
			-0.000711	-0.096					-0.000711	-3.6	
			-0.00071	-0.06					-0.00071	-3.4	
			-0.000709	-0.076					-0.000709	-3.4	
			-0.000708	-0.076					-0.000708	-3.2	
			-0.000707	-0.072					-0.000707	-3.2	
			-0.000706	-0.068					-0.000706	-3.2	
			-0.000705	-0.1					-0.000705	-3	
			-0.000704	-0.104					-0.000704	-3	
			-0.000703	-0.1					-0.000703	-3	
			-0.000702	-0.084					-0.000702	-3	
			-0.000701	-0.088					-0.000701	-2.8	
			-0.0007	-0.088					-0.0007	-2.8	
			-0.000699	-0.068					-0.000699	-2.8	
			-0.000698	-0.1					-0.000698	-2.6	
			-0.000697	-0.048					-0.000697	-2.6	
			-0.000696	-0.092					-0.000696	-2.6	
			-0.000695	-0.048					-0.000695	-2.6	
			-0.000694	-0.068					-0.000694	-2.6	
			-0.000693	-0.044					-0.000693	-2.4	
			-0.000692	-0.044					-0.000692	-2.4	
			-0.000691	-0.076					-0.000691	-2.2	
			-0.00069	-0.052					-0.00069	-2.2	
			-0.000689	-0.08					-0.000689	-2.2	
			-0.000688	-0.1					-0.000688	-2	
			-0.000687	-0.112					-0.000687	-2	
			-0.000686	-0.116					-0.000686	-2	
			-0.000685	-0.088					-0.000685	-2	
			-0.000684	-0.088					-0.000684	-1.8	
			-0.000683	-0.084					-0.000683	-1.8	
			-0.000682	-0.052					-0.000682	-1.8	
			-0.000681	-0.06					-0.000681	-1.6	
			-0.00068	-0.048					-0.00068	-1.6	
			-0.000679	-0.06					-0.000679	-1.6	
			-0.000678	-0.076					-0.000678	-1.6	
			-0.000677	-0.068					-0.000677	-1.4	
			-0.000676	-0.072					-0.000676	-1.4	
			-0.000675	-0.064					-0.000675	-1.2	
			-0.000674	-0.072					-0.000674	-1.2	
			-0.000673	-0.084					-0.000673	-1.2	
			-0.000672	-0.072					-0.000672	-1.2	
			-0.000671	-0.064					-0.000671	-1	
			-0.00067	-0.076					-0.00067	-1	
			-0.000669	-0.088					-0.000669	-1	
			-0.000668	-0.068					-0.000668	-0.8	
			-0.000667	-0.02					-0.000667	-0.8	
			-0.000666	0.112					-0.000666	-0.8	
			-0.000665	0.104					-0.000665	-0.8	
			-0.000664	0.088					-0.000664	-0.6	
			-0.000663	0.1					-0.000663	-0.6	
			-0.000662	0.092					-0.000662	-0.6	
			-0.000661	0.092					-0.000661	-0.4	
			-0.00066	0.056					-0.00066	-0.4	
			-0.000659	0.088					-0.000659	-0.4	
			-0.000658	0.092					-0.000658	-0.4	
			-0.000657	0.14					-0.000657	-0.2	
			-0.000656	0.148					-0.000656	-0.2	
			-0.000655	0.14					-0.000655	0	
			-0.000654	0.156					-0.000654	0	
			-0.000653	0.144					-0.000653	0	
			-0.000652	0.132					-0.000652	0.2	
			-0.000651	0.132					-0.000651	0.2	
			-0.00065	0.132					-0.00065	0.2	
			-0.000649	0.124					-0.000649	0.4	
			-0.000648	0.144					-0.000648	0.4	
			-0.000647	0.112					-0.000647	0.2	
			-0.000646	0.144					-0.000646	0.4	
			-0.000645	0.132					-0.000645	0.4	
			-0.000644	0.176					-0.000644	0.6	
			-0.000643	0.176					-0.000643	0.6	
			-0.000642	0.204					-0.000642	0.6	
			-0.000641	0.216					-0.000641	0.8	
			-0.00064	0.216					-0.00064	0.8	
			-0.000639	0.224					-0.000639	0.8	
			-0.000638	0.196					-0.000638	0.8	
			-0.000637	0.208					-0.000637	1	
			-0.000636	0.18					-0.000636	1.2	
			-0.000635	0.184					-0.000635	1.2	
			-0.000634	0.18					-0.000634	1.2	
			-0.000633	0.216					-0.000633	1.2	
			-0.000632	0.24					-0.000632	1.2	
			-0.000631	0.276					-0.000631	1.4	
			-0.00063	0.272					-0.00063	1.4	
			-0.000629	0.248					-0.000629	1.4	
			-0.000628	0.2					-0.000628	1.6	
			-0.000627	0.208					-0.000627	1.6	
			-0.000626	0.176					-0.000626	1.6	
			-0.000625	0.192					-0.000625	1.8	
			-0.000624	0.16					-0.000624	1.8	
			-0.000623	0.176					-0.000623	1.8	
			-0.000622	0.168					-0.000622	2	
			-0.000621	0.148					-0.000621	2	
			-0.00062	0.184					-0.00062	2	
			-0.000619	0.16					-0.000619	2	
			-0.000618	0.176					-0.000618	2.2	
			-0.000617	0.164					-0.000617	2.2	
			-0.000616	0.132					-0.000616	2.2	
			-0.000615	0.132					-0.000615	2.4	
			-0.000614	0.132					-0.000614	2.4	
			-0.000613	0.156					-0.000613	2.4	
			-0.000612	0.164					-0.000612	2.4	
			-0.000611	0.128					-0.000611	2.6	
			-0.00061	0.12					-0.00061	2.6	
			-0.000609	0.08					-0.000609	2.6	
			-0.000608	0.108					-0.000608	2.8	
			-0.000607	0.092					-0.000607	2.8	
			-0.000606	0.1					-0.000606	2.8	
			-0.000605	0.124					-0.000605	3	
			-0.000604	0.124					-0.000604	3	
			-0.000603	0.128					-0.000603	3	
			-0.000602	0.128					-0.000602	3	
			-0.000601	0.124					-0.000601	3.2	
			-0.0006	0.136					-0.0006	3.2	
			-0.000599	0.156					-0.000599	3.2	
			-0.000598	0.12					-0.000598	3.4	
			-0.000597	0.108					-0.000597	3.4	
			-0.000596	0.116					-0.000596	3.4	
			-0.000595	0.128					-0.000595	3.4	
			-0.000594	0.132					-0.000594	3.6	
			-0.000593	0.12					-0.000593	3.6	
			-0.000592	0.108					-0.000592	3.6	
			-0.000591	0.112					-0.000591	3.8	
			-0.00059	0.128					-0.00059	3.8	
			-0.000589	0.128					-0.000589	3.8	
			-0.000588	0.136					-0.000588	3.8	
			-0.000587	0.156					-0.000587	4	
			-0.000586	0.132					-0.000586	4	
			-0.000585	0.144					-0.000585	4.2	
			-0.000584	0.1					-0.000584	4.2	
			-0.000583	0.064					-0.000583	4.2	
			-0.000582	0.072					-0.000582	4.2	
			-0.000581	0.104					-0.000581	4.4	
			-0.00058	0.092					-0.00058	4.4	
			-0.000579	0.096					-0.000579	4.4	
			-0.000578	0.124					-0.000578	4.6	
			-0.000577	0.124					-0.000577	4.6	
			-0.000576	0.156					-0.000576	4.6	
			-0.000575	0.12					-0.000575	4.6	
			-0.000574	0.124					-0.000574	4.8	
			-0.000573	0.092					-0.000573	4.8	
			-0.000572	0.12					-0.000572	4.8	
			-0.000571	0.108					-0.000571	4.8	
			-0.00057	0.112					-0.00057	5	
			-0.000569	0.108					-0.000569	5	
			-0.000568	0.128					-0.000568	5	
			-0.000567	0.132					-0.000567	5	
			-0.000566	0.108					-0.000566	5.2	
			-0.000565	0.096					-0.000565	5.4	
			-0.000564	0.1					-0.000564	5.4	
			-0.000563	0.12					-0.000563	5.4	
			-0.000562	0.108					-0.000562	5.4	
			-0.000561	0.12					-0.000561	5.4	
			-0.00056	0.112					-0.00056	5.6	
			-0.000559	0.12					-0.000559	5.6	
			-0.000558	0.104					-0.000558	5.6	
			-0.000557	0.108					-0.000557	5.8	
			-0.000556	0.12					-0.000556	5.8	
			-0.000555	0.112					-0.000555	5.8	
			-0.000554	0.104					-0.000554	6	
			-0.000553	0.136					-0.000553	6	
			-0.000552	0.108					-0.000552	6	
			-0.000551	0.104					-0.000551	6	
			-0.00055	0.108					-0.00055	6.2	
			-0.000549	0.096					-0.000549	6.2	
			-0.000548	0.096					-0.000548	6.4	
			-0.000547	0.088					-0.000547	6.4	
			-0.000546	0.096					-0.000546	6.6	
			-0.000545	0.108					-0.000545	6.4	
			-0.000544	0.112					-0.000544	6.4	
			-0.000543	0.128					-0.000543	6.6	
			-0.000542	0.112					-0.000542	6.6	
			-0.000541	0.104					-0.000541	6.6	
			-0.00054	0.092					-0.00054	6.8	
			-0.000539	0.104					-0.000539	6.8	
			-0.000538	0.112					-0.000538	6.8	
			-0.000537	0.076					-0.000537	6.8	
			-0.000536	0.088					-0.000536	6.8	
			-0.000535	0.084					-0.000535	7	
			-0.000534	0.1					-0.000534	7	
			-0.000533	0.104					-0.000533	7.2	
			-0.000532	0.092					-0.000532	7.2	
			-0.000531	0.076					-0.000531	7.2	
			-0.00053	0.112					-0.00053	7.2	
			-0.000529	0.112					-0.000529	7.4	
			-0.000528	0.124					-0.000528	7.6	
			-0.000527	0.12					-0.000527	7.6	
			-0.000526	0.132					-0.000526	7.6	
			-0.000525	0.152					-0.000525	7.8	
			-0.000524	0.136					-0.000524	7.6	
			-0.000523	0.096					-0.000523	7.8	
			-0.000522	0.072					-0.000522	7.8	
			-0.000521	0.088					-0.000521	8	
			-0.00052	0.084					-0.00052	8	
			-0.000519	0.092					-0.000519	8	
			-0.000518	0.092					-0.000518	8	
			-0.000517	0.084					-0.000517	8.2	
			-0.000516	0.1					-0.000516	8.2	
			-0.000515	0.124					-0.000515	8.2	
			-0.000514	0.084					-0.000514	8.2	
			-0.000513	0.076					-0.000513	8.4	
			-0.000512	0.068					-0.000512	8.6	
			-0.000511	0.108					-0.000511	8.4	
			-0.00051	0.1					-0.00051	8.6	
			-0.000509	0.104					-0.000509	8.6	
			-0.000508	0.12					-0.000508	8.6	
			-0.000507	0.128					-0.000507	8.8	
			-0.000506	0.132					-0.000506	8.8	
			-0.000505	0.064					-0.000505	9	
			-0.000504	0.056					-0.000504	9	
			-0.000503	0.064					-0.000503	9	
			-0.000502	0.076					-0.000502	9	
			-0.000501	0.088					-0.000501	9	
			-0.0005	0.076					-0.0005	9.2	
			-0.000499	0.108					-0.000499	9.2	
			-0.000498	0.128					-0.000498	9.2	
			-0.000497	0.14					-0.000497	9.4	
			-0.000496	0.12					-0.000496	9.4	
			-0.000495	0.096					-0.000495	9.4	
			-0.000494	0.12					-0.000494	9.6	
			-0.000493	0.1					-0.000493	9.6	
			-0.000492	0.08					-0.000492	9.6	
			-0.000491	0.08					-0.000491	9.6	
			-0.00049	0.088					-0.00049	9.8	
			-0.000489	0.132					-0.000489	9.8	
			-0.000488	0.108					-0.000488	9.8	
			-0.000487	0.104					-0.000487	10	
			-0.000486	0.06					-0.000486	10	
			-0.000485	0.044					-0.000485	10	
			-0.000484	0.048					-0.000484	9.8	
			-0.000483	0.044					-0.000483	9.8	
			-0.000482	0.052					-0.000482	9.8	
			-0.000481	0.068					-0.000481	9.8	
			-0.00048	0.08					-0.00048	9.6	
			-0.000479	0.088					-0.000479	9.6	
			-0.000478	0.108					-0.000478	9.4	
			-0.000477	0.096					-0.000477	9.6	
			-0.000476	0.128					-0.000476	9.4	
			-0.000475	0.132					-0.000475	9.4	
			-0.000474	0.104					-0.000474	9.4	
			-0.000473	0.08					-0.000473	9.2	
			-0.000472	0.096					-0.000472	9.2	
			-0.000471	0.092					-0.000471	9.2	
			-0.00047	0.116					-0.00047	9	
			-0.000469	0.088					-0.000469	9	
			-0.000468	0.08					-0.000468	9	
			-0.000467	0.088					-0.000467	8.8	
			-0.000466	0.108					-0.000466	8.8	
			-0.000465	0.12					-0.000465	8.8	
			-0.000464	0.084					-0.000464	8.8	
			-0.000463	0.124					-0.000463	8.6	
			-0.000462	0.084					-0.000462	8.6	
			-0.000461	0.068					-0.000461	8.6	
			-0.00046	0.064					-0.00046	8.4	
			-0.000459	0.052					-0.000459	8.4	
			-0.000458	0.084					-0.000458	8.4	
			-0.000457	0.104					-0.000457	8.2	
			-0.000456	0.112					-0.000456	8.2	
			-0.000455	0.08					-0.000455	8.2	
			-0.000454	0.052					-0.000454	8	
			-0.000453	0.056					-0.000453	8.2	
			-0.000452	0.064					-0.000452	8	
			-0.000451	0.088					-0.000451	7.8	
			-0.00045	0.072					-0.00045	7.8	
			-0.000449	0.064					-0.000449	7.8	
			-0.000448	0.096					-0.000448	7.8	
			-0.000447	0.076					-0.000447	7.8	
			-0.000446	0.092					-0.000446	7.6	
			-0.000445	0.112					-0.000445	7.6	
			-0.000444	0.1					-0.000444	7.6	
			-0.000443	0.128					-0.000443	7.4	
			-0.000442	0.112					-0.000442	7.4	
			-0.000441	0.104					-0.000441	7.2	
			-0.00044	0.084					-0.00044	7.2	
			-0.000439	0.092					-0.000439	7.2	
			-0.000438	0.076					-0.000438	7	
			-0.000437	0.068					-0.000437	7	
			-0.000436	0.056					-0.000436	7	
			-0.000435	0.056					-0.000435	6.8	
			-0.000434	0.104					-0.000434	6.8	
			-0.000433	0.092					-0.000433	6.8	
			-0.000432	0.14					-0.000432	6.8	
			-0.000431	0.096					-0.000431	6.8	
			-0.00043	0.1					-0.00043	6.8	
			-0.000429	0.072					-0.000429	6.6	
			-0.000428	0.076					-0.000428	6.6	
			-0.000427	0.076					-0.000427	6.6	
			-0.000426	0.06					-0.000426	6.4	
			-0.000425	0.088					-0.000425	6.4	
			-0.000424	0.064					-0.000424	6.4	
			-0.000423	0.112					-0.000423	6.2	
			-0.000422	0.064					-0.000422	6.2	
			-0.000421	0.068					-0.000421	6	
			-0.00042	0.068					-0.00042	6	
			-0.000419	0.084					-0.000419	6	
			-0.000418	0.076					-0.000418	6	
			-0.000417	0.064					-0.000417	6	
			-0.000416	0.06					-0.000416	5.8	
			-0.000415	0.08					-0.000415	5.8	
			-0.000414	0.084					-0.000414	5.8	
			-0.000413	0.06					-0.000413	5.6	
			-0.000412	0.076					-0.000412	5.6	
			-0.000411	0.088					-0.000411	5.4	
			-0.00041	0.124					-0.00041	5.4	
			-0.000409	0.112					-0.000409	5.4	
			-0.000408	0.116					-0.000408	5.4	
			-0.000407	0.092					-0.000407	5.2	
			-0.000406	0.096					-0.000406	5.2	
			-0.000405	0.052					-0.000405	5.2	
			-0.000404	0.072					-0.000404	5	
			-0.000403	0.064					-0.000403	5.2	
			-0.000402	0.064					-0.000402	5	
			-0.000401	0.108					-0.000401	4.8	
			-0.0004	0.112					-0.0004	4.8	
			-0.000399	0.128					-0.000399	4.8	
			-0.000398	0.068					-0.000398	4.8	
			-0.000397	0.068					-0.000397	4.8	
			-0.000396	0.068					-0.000396	4.6	
			-0.000395	0.06					-0.000395	4.6	
			-0.000394	0.052					-0.000394	4.6	
			-0.000393	0.052					-0.000393	4.4	
			-0.000392	0.084					-0.000392	4.4	
			-0.000391	0.096					-0.000391	4.4	
			-0.00039	0.108					-0.00039	4.2	
			-0.000389	0.08					-0.000389	4.2	
			-0.000388	0.076					-0.000388	4.2	
			-0.000387	0.076					-0.000387	4.2	
			-0.000386	0.084					-0.000386	4	
			-0.000385	0.068					-0.000385	4	
			-0.000384	0.064					-0.000384	4	
			-0.000383	0.084					-0.000383	4	
			-0.000382	0.108					-0.000382	3.8	
			-0.000381	0.092					-0.000381	3.8	
			-0.00038	0.08					-0.00038	3.8	
			-0.000379	0.092					-0.000379	3.6	
			-0.000378	0.052					-0.000378	3.6	
			-0.000377	0.112					-0.000377	3.6	
			-0.000376	0.12					-0.000376	3.4	
			-0.000375	0.08					-0.000375	3.4	
			-0.000374	0.112					-0.000374	3.4	
			-0.000373	0.072					-0.000373	3.4	
			-0.000372	0.092					-0.000372	3.2	
			-0.000371	0.068					-0.000371	3.2	
			-0.00037	0.052					-0.00037	3	
			-0.000369	0.072					-0.000369	3	
			-0.000368	0.08					-0.000368	3	
			-0.000367	0.08					-0.000367	2.8	
			-0.000366	0.04					-0.000366	2.8	
			-0.000365	0.036					-0.000365	2.8	
			-0.000364	0.032					-0.000364	2.8	
			-0.000363	0.056					-0.000363	2.8	
			-0.000362	0.06					-0.000362	2.6	
			-0.000361	0.08					-0.000361	2.6	
			-0.00036	0.092					-0.00036	2.6	
			-0.000359	0.116					-0.000359	2.4	
			-0.000358	0.112					-0.000358	2.4	
			-0.000357	0.112					-0.000357	2.4	
			-0.000356	0.096					-0.000356	2.4	
			-0.000355	0.088					-0.000355	2.2	
			-0.000354	0.076					-0.000354	2.2	
			-0.000353	0.028					-0.000353	2	
			-0.000352	0.088					-0.000352	2	
			-0.000351	0.052					-0.000351	2	
			-0.00035	0.088					-0.00035	2	
			-0.000349	0.076					-0.000349	1.8	
			-0.000348	0.08					-0.000348	1.8	
			-0.000347	0.072					-0.000347	1.8	
			-0.000346	0.08					-0.000346	1.6	
			-0.000345	0.076					-0.000345	1.6	
			-0.000344	0.092					-0.000344	1.6	
			-0.000343	0.084					-0.000343	1.4	
			-0.000342	0.072					-0.000342	1.4	
			-0.000341	0.08					-0.000341	1.4	
			-0.00034	0.056					-0.00034	1.2	
			-0.000339	0.084					-0.000339	1.2	
			-0.000338	0.068					-0.000338	1.2	
			-0.000337	0.096					-0.000337	1.2	
			-0.000336	0.048					-0.000336	1.2	
			-0.000335	0.04					-0.000335	1	
			-0.000334	-0.2					-0.000334	1	
			-0.000333	-0.256					-0.000333	0.8	
			-0.000332	-0.176					-0.000332	0.8	
			-0.000331	-0.16					-0.000331	0.8	
			-0.00033	-0.12					-0.00033	0.8	
			-0.000329	-0.152					-0.000329	0.6	
			-0.000328	-0.108					-0.000328	0.6	
			-0.000327	-0.128					-0.000327	0.6	
			-0.000326	-0.132					-0.000326	0.4	
			-0.000325	-0.124					-0.000325	0.4	
			-0.000324	-0.124					-0.000324	0.4	
			-0.000323	-0.116					-0.000323	0.2	
			-0.000322	-0.148					-0.000322	0.2	
			-0.000321	-0.136					-0.000321	0.2	
			-0.00032	-0.112					-0.00032	0.2	
			-0.000319	-0.108					-0.000319	0	
			-0.000318	-0.132					-0.000318	0	
			-0.000317	-0.204					-0.000317	-0.2	
			-0.000316	-0.228					-0.000316	-0.2	
			-0.000315	-0.212					-0.000315	-0.2	
			-0.000314	-0.188					-0.000314	-0.4	
			-0.000313	-0.192					-0.000313	-0.4	
			-0.000312	-0.188					-0.000312	-0.4	
			-0.000311	-0.18					-0.000311	-0.4	
			-0.00031	-0.18					-0.00031	-0.4	
			-0.000309	-0.196					-0.000309	-0.6	
			-0.000308	-0.204					-0.000308	-0.6	
			-0.000307	-0.244					-0.000307	-0.8	
			-0.000306	-0.212					-0.000306	-0.6	
			-0.000305	-0.22					-0.000305	-0.8	
			-0.000304	-0.228					-0.000304	-0.8	
			-0.000303	-0.22					-0.000303	-1	
			-0.000302	-0.24					-0.000302	-1	
			-0.000301	-0.208					-0.000301	-1	
			-0.0003	-0.216					-0.0003	-1	
			-0.000299	-0.224					-0.000299	-1.2	
			-0.000298	-0.252					-0.000298	-1.2	
			-0.000297	-0.204					-0.000297	-1.2	
			-0.000296	-0.184					-0.000296	-1.4	
			-0.000295	-0.176					-0.000295	-1.4	
			-0.000294	-0.172					-0.000294	-1.4	
			-0.000293	-0.168					-0.000293	-1.6	
			-0.000292	-0.136					-0.000292	-1.6	
			-0.000291	-0.112					-0.000291	-1.6	
			-0.00029	-0.104					-0.00029	-1.8	
			-0.000289	-0.1					-0.000289	-1.8	
			-0.000288	-0.084					-0.000288	-1.8	
			-0.000287	-0.12					-0.000287	-2	
			-0.000286	-0.12					-0.000286	-2	
			-0.000285	-0.152					-0.000285	-2	
			-0.000284	-0.136					-0.000284	-2.2	
			-0.000283	-0.152					-0.000283	-2.2	
			-0.000282	-0.152					-0.000282	-2.2	
			-0.000281	-0.108					-0.000281	-2.2	
			-0.00028	-0.136					-0.00028	-2.4	
			-0.000279	-0.116					-0.000279	-2.4	
			-0.000278	-0.128					-0.000278	-2.4	
			-0.000277	-0.136					-0.000277	-2.4	
			-0.000276	-0.116					-0.000276	-2.6	
			-0.000275	-0.148					-0.000275	-2.6	
			-0.000274	-0.144					-0.000274	-2.6	
			-0.000273	-0.124					-0.000273	-2.8	
			-0.000272	-0.128					-0.000272	-2.8	
			-0.000271	-0.096					-0.000271	-2.8	
			-0.00027	-0.116					-0.00027	-2.8	
			-0.000269	-0.104					-0.000269	-3	
			-0.000268	-0.108					-0.000268	-3	
			-0.000267	-0.112					-0.000267	-3	
			-0.000266	-0.096					-0.000266	-3	
			-0.000265	-0.128					-0.000265	-3.2	
			-0.000264	-0.124					-0.000264	-3.2	
			-0.000263	-0.116					-0.000263	-3.2	
			-0.000262	-0.108					-0.000262	-3.4	
			-0.000261	-0.096					-0.000261	-3.4	
			-0.00026	-0.088					-0.00026	-3.4	
			-0.000259	-0.104					-0.000259	-3.6	
			-0.000258	-0.104					-0.000258	-3.4	
			-0.000257	-0.112					-0.000257	-3.6	
			-0.000256	-0.104					-0.000256	-3.8	
			-0.000255	-0.136					-0.000255	-3.8	
			-0.000254	-0.104					-0.000254	-3.8	
			-0.000253	-0.124					-0.000253	-4	
			-0.000252	-0.112					-0.000252	-4	
			-0.000251	-0.092					-0.000251	-4	
			-0.00025	-0.104					-0.00025	-4	
			-0.000249	-0.092					-0.000249	-4.2	
			-0.000248	-0.112					-0.000248	-4.2	
			-0.000247	-0.136					-0.000247	-4.2	
			-0.000246	-0.148					-0.000246	-4.4	
			-0.000245	-0.16					-0.000245	-4.4	
			-0.000244	-0.136					-0.000244	-4.4	
			-0.000243	-0.08					-0.000243	-4.6	
			-0.000242	-0.096					-0.000242	-4.4	
			-0.000241	-0.08					-0.000241	-4.6	
			-0.00024	-0.124					-0.00024	-4.6	
			-0.000239	-0.12					-0.000239	-4.8	
			-0.000238	-0.108					-0.000238	-4.8	
			-0.000237	-0.104					-0.000237	-4.8	
			-0.000236	-0.132					-0.000236	-5	
			-0.000235	-0.096					-0.000235	-5	
			-0.000234	-0.12					-0.000234	-5	
			-0.000233	-0.1					-0.000233	-5	
			-0.000232	-0.088					-0.000232	-5	
			-0.000231	-0.104					-0.000231	-5.2	
			-0.00023	-0.068					-0.00023	-5.2	
			-0.000229	-0.112					-0.000229	-5.4	
			-0.000228	-0.072					-0.000228	-5.4	
			-0.000227	-0.112					-0.000227	-5.4	
			-0.000226	-0.112					-0.000226	-5.4	
			-0.000225	-0.108					-0.000225	-5.6	
			-0.000224	-0.112					-0.000224	-5.6	
			-0.000223	-0.084					-0.000223	-5.6	
			-0.000222	-0.108					-0.000222	-5.8	
			-0.000221	-0.104					-0.000221	-5.8	
			-0.00022	-0.088					-0.00022	-6	
			-0.000219	-0.088					-0.000219	-6	
			-0.000218	-0.092					-0.000218	-6	
			-0.000217	-0.14					-0.000217	-6.2	
			-0.000216	-0.172					-0.000216	-6.2	
			-0.000215	-0.16					-0.000215	-6.2	
			-0.000214	-0.116					-0.000214	-6.4	
			-0.000213	-0.116					-0.000213	-6.4	
			-0.000212	-0.1					-0.000212	-6.4	
			-0.000211	-0.076					-0.000211	-6.4	
			-0.00021	-0.064					-0.00021	-6.6	
			-0.000209	-0.072					-0.000209	-6.6	
			-0.000208	-0.096					-0.000208	-6.6	
			-0.000207	-0.104					-0.000207	-6.6	
			-0.000206	-0.112					-0.000206	-6.8	
			-0.000205	-0.084					-0.000205	-6.8	
			-0.000204	-0.096					-0.000204	-7	
			-0.000203	-0.1					-0.000203	-7	
			-0.000202	-0.088					-0.000202	-7	
			-0.000201	-0.096					-0.000201	-7	
			-0.0002	-0.08					-0.0002	-7.2	
			-0.000199	-0.092					-0.000199	-7.2	
			-0.000198	-0.128					-0.000198	-7.2	
			-0.000197	-0.12					-0.000197	-7.2	
			-0.000196	-0.108					-0.000196	-7.4	
			-0.000195	-0.1					-0.000195	-7.4	
			-0.000194	-0.104					-0.000194	-7.4	
			-0.000193	-0.088					-0.000193	-7.6	
			-0.000192	-0.096					-0.000192	-7.6	
			-0.000191	-0.08					-0.000191	-7.6	
			-0.00019	-0.092					-0.00019	-7.6	
			-0.000189	-0.112					-0.000189	-7.8	
			-0.000188	-0.128					-0.000188	-7.8	
			-0.000187	-0.112					-0.000187	-8	
			-0.000186	-0.116					-0.000186	-8	
			-0.000185	-0.108					-0.000185	-8	
			-0.000184	-0.152					-0.000184	-8	
			-0.000183	-0.14					-0.000183	-8.2	
			-0.000182	-0.132					-0.000182	-8.2	
			-0.000181	-0.116					-0.000181	-8.4	
			-0.00018	-0.088					-0.00018	-8.2	
			-0.000179	-0.108					-0.000179	-8.4	
			-0.000178	-0.072					-0.000178	-8.4	
			-0.000177	-0.096					-0.000177	-8.4	
			-0.000176	-0.072					-0.000176	-8.6	
			-0.000175	-0.096					-0.000175	-8.6	
			-0.000174	-0.072					-0.000174	-8.8	
			-0.000173	-0.052					-0.000173	-8.8	
			-0.000172	-0.044					-0.000172	-8.8	
			-0.000171	-0.076					-0.000171	-9	
			-0.00017	-0.088					-0.00017	-8.8	
			-0.000169	-0.12					-0.000169	-9	
			-0.000168	-0.124					-0.000168	-9	
			-0.000167	-0.1					-0.000167	-9	
			-0.000166	-0.112					-0.000166	-9.2	
			-0.000165	-0.064					-0.000165	-9.2	
			-0.000164	-0.096					-0.000164	-9.2	
			-0.000163	-0.084					-0.000163	-9.2	
			-0.000162	-0.092					-0.000162	-9.2	
			-0.000161	-0.084					-0.000161	-9.4	
			-0.00016	-0.064					-0.00016	-9.4	
			-0.000159	-0.088					-0.000159	-9.6	
			-0.000158	-0.088					-0.000158	-9.6	
			-0.000157	-0.128					-0.000157	-9.6	
			-0.000156	-0.112					-0.000156	-9.8	
			-0.000155	-0.128					-0.000155	-9.8	
			-0.000154	-0.096					-0.000154	-9.6	
			-0.000153	-0.08					-0.000153	-9.8	
			-0.000152	-0.1					-0.000152	-9.8	
			-0.000151	-0.1					-0.000151	-9.8	
			-0.00015	-0.104					-0.00015	-9.6	
			-0.000149	-0.076					-0.000149	-9.6	
			-0.000148	-0.084					-0.000148	-9.6	
			-0.000147	-0.1					-0.000147	-9.6	
			-0.000146	-0.112					-0.000146	-9.6	
			-0.000145	-0.072					-0.000145	-9.4	
			-0.000144	-0.076					-0.000144	-9.4	
			-0.000143	-0.104					-0.000143	-9.4	
			-0.000142	-0.072					-0.000142	-9.2	
			-0.000141	-0.092					-0.000141	-9.2	
			-0.00014	-0.068					-0.00014	-9.2	
			-0.000139	-0.104					-0.000139	-9	
			-0.000138	-0.12					-0.000138	-9	
			-0.000137	-0.104					-0.000137	-9	
			-0.000136	-0.108					-0.000136	-9	
			-0.000135	-0.056					-0.000135	-9	
			-0.000134	-0.08					-0.000134	-8.8	
			-0.000133	-0.112					-0.000133	-8.8	
			-0.000132	-0.076					-0.000132	-8.8	
			-0.000131	-0.076					-0.000131	-8.6	
			-0.00013	-0.044					-0.00013	-8.6	
			-0.000129	-0.072					-0.000129	-8.6	
			-0.000128	-0.088					-0.000128	-8.6	
			-0.000127	-0.076					-0.000127	-8.4	
			-0.000126	-0.096					-0.000126	-8.4	
			-0.000125	-0.1					-0.000125	-8.2	
			-0.000124	-0.104					-0.000124	-8.2	
			-0.000123	-0.08					-0.000123	-8.2	
			-0.000122	-0.04					-0.000122	-8.2	
			-0.000121	-0.048					-0.000121	-8.2	
			-0.00012	-0.08					-0.00012	-8	
			-0.000119	-0.084					-0.000119	-8	
			-0.000118	-0.12					-0.000118	-8	
			-0.000117	-0.056					-0.000117	-7.8	
			-0.000116	-0.084					-0.000116	-7.8	
			-0.000115	-0.1					-0.000115	-7.8	
			-0.000114	-0.076					-0.000114	-7.6	
			-0.000113	-0.1					-0.000113	-7.6	
			-0.000112	-0.068					-0.000112	-7.6	
			-0.000111	-0.112					-0.000111	-7.4	
			-0.00011	-0.144					-0.00011	-7.4	
			-0.000109	-0.116					-0.000109	-7.4	
			-0.000108	-0.112					-0.000108	-7.2	
			-0.000107	-0.108					-0.000107	-7.2	
			-0.000106	-0.112					-0.000106	-7.2	
			-0.000105	-0.1					-0.000105	-7.2	
			-0.000104	-0.06					-0.000104	-7	
			-0.000103	-0.032					-0.000103	-7	
			-0.000102	-0.068					-0.000102	-7	
			-0.000101	-0.08					-0.000101	-7	
			-0.0001	-0.072					-0.0001	-6.8	
			-9.90001e-005	-0.064					-9.90001e-005	-6.8	
			-9.80001e-005	-0.088					-9.80001e-005	-6.8	
			-9.70001e-005	-0.084					-9.70001e-005	-6.6	
			-9.60001e-005	-0.088					-9.60001e-005	-6.6	
			-9.50001e-005	-0.084					-9.50001e-005	-6.4	
			-9.40001e-005	-0.06					-9.40001e-005	-6.6	
			-9.30001e-005	-0.076					-9.30001e-005	-6.4	
			-9.20001e-005	-0.064					-9.20001e-005	-6.2	
			-9.10001e-005	-0.056					-9.10001e-005	-6.4	
			-9.00001e-005	-0.048					-9.00001e-005	-6.4	
			-8.90001e-005	-0.06					-8.90001e-005	-6.2	
			-8.80001e-005	-0.104					-8.80001e-005	-6.2	
			-8.70001e-005	-0.132					-8.70001e-005	-6	
			-8.60001e-005	-0.104					-8.60001e-005	-6	
			-8.50001e-005	-0.112					-8.50001e-005	-6	
			-8.40001e-005	-0.084					-8.40001e-005	-6	
			-8.30001e-005	-0.092					-8.30001e-005	-5.8	
			-8.20001e-005	-0.064					-8.20001e-005	-5.8	
			-8.10001e-005	-0.084					-8.10001e-005	-5.6	
			-8.00001e-005	-0.076					-8.00001e-005	-5.6	
			-7.90001e-005	-0.1					-7.90001e-005	-5.6	
			-7.80001e-005	-0.116					-7.80001e-005	-5.4	
			-7.70001e-005	-0.1					-7.70001e-005	-5.4	
			-7.60001e-005	-0.072					-7.60001e-005	-5.2	
			-7.50001e-005	-0.072					-7.50001e-005	-5.2	
			-7.40001e-005	-0.06					-7.40001e-005	-5.2	
			-7.30001e-005	-0.024					-7.30001e-005	-5.2	
			-7.20001e-005	-0.028					-7.20001e-005	-5	
			-7.10001e-005	-0.012					-7.10001e-005	-5	
			-7.00001e-005	-0.104					-7.00001e-005	-5	
			-6.90001e-005	-0.096					-6.90001e-005	-5	
			-6.80001e-005	-0.104					-6.80001e-005	-4.8	
			-6.70001e-005	-0.08					-6.70001e-005	-4.8	
			-6.60001e-005	-0.056					-6.60001e-005	-4.8	
			-6.50001e-005	-0.048					-6.50001e-005	-4.8	
			-6.40001e-005	-0.052					-6.40001e-005	-4.6	
			-6.30001e-005	-0.044					-6.30001e-005	-4.6	
			-6.20001e-005	-0.068					-6.20001e-005	-4.4	
			-6.10001e-005	-0.088					-6.10001e-005	-4.6	
			-6.00001e-005	-0.096					-6.00001e-005	-4.4	
			-5.90001e-005	-0.096					-5.90001e-005	-4.4	
			-5.80001e-005	-0.084					-5.80001e-005	-4.2	
			-5.70001e-005	-0.108					-5.70001e-005	-4.2	
			-5.60001e-005	-0.14					-5.60001e-005	-4.2	
			-5.50001e-005	-0.12					-5.50001e-005	-4.2	
			-5.40001e-005	-0.096					-5.40001e-005	-4	
			-5.30001e-005	-0.056					-5.30001e-005	-4	
			-5.20001e-005	-0.052					-5.20001e-005	-4	
			-5.10001e-005	-0.06					-5.10001e-005	-3.8	
			-5.00001e-005	-0.088					-5.00001e-005	-3.8	
			-4.90001e-005	-0.08					-4.90001e-005	-3.8	
			-4.80001e-005	-0.048					-4.80001e-005	-3.6	
			-4.70001e-005	-0.076					-4.70001e-005	-3.6	
			-4.60001e-005	-0.068					-4.60001e-005	-3.6	
			-4.50001e-005	-0.06					-4.50001e-005	-3.6	
			-4.40001e-005	-0.036					-4.40001e-005	-3.4	
			-4.30001e-005	-0.072					-4.30001e-005	-3.4	
			-4.20001e-005	-0.06					-4.20001e-005	-3.4	
			-4.10001e-005	-0.076					-4.10001e-005	-3.2	
			-4.00001e-005	-0.076					-4.00001e-005	-3.2	
			-3.90001e-005	-0.104					-3.90001e-005	-3.2	
			-3.80001e-005	-0.128					-3.80001e-005	-3	
			-3.70001e-005	-0.092					-3.70001e-005	-3	
			-3.60001e-005	-0.056					-3.60001e-005	-3	
			-3.50001e-005	-0.048					-3.50001e-005	-3	
			-3.40001e-005	-0.052					-3.40001e-005	-2.8	
			-3.30001e-005	-0.092					-3.30001e-005	-2.8	
			-3.20001e-005	-0.12					-3.20001e-005	-2.8	
			-3.10001e-005	-0.12					-3.10001e-005	-2.8	
			-3.00001e-005	-0.116					-3.00001e-005	-2.6	
			-2.90001e-005	-0.124					-2.90001e-005	-2.6	
			-2.80001e-005	-0.088					-2.80001e-005	-2.6	
			-2.70001e-005	-0.068					-2.70001e-005	-2.4	
			-2.60001e-005	-0.044					-2.60001e-005	-2.4	
			-2.50001e-005	-0.044					-2.50001e-005	-2.4	
			-2.40001e-005	-0.088					-2.40001e-005	-2.2	
			-2.30001e-005	-0.052					-2.30001e-005	-2.2	
			-2.20001e-005	-0.076					-2.20001e-005	-2.2	
			-2.10001e-005	-0.064					-2.10001e-005	-2	
			-2.00001e-005	-0.088					-2.00001e-005	-2	
			-1.90001e-005	-0.084					-1.90001e-005	-2	
			-1.80001e-005	-0.068					-1.80001e-005	-2	
			-1.70001e-005	-0.056					-1.70001e-005	-1.8	
			-1.60001e-005	-0.056					-1.60001e-005	-1.8	
			-1.50001e-005	-0.056					-1.50001e-005	-1.8	
			-1.40001e-005	-0.076					-1.40001e-005	-1.6	
			-1.30001e-005	-0.044					-1.30001e-005	-1.6	
			-1.20001e-005	-0.088					-1.20001e-005	-1.6	
			-1.10001e-005	-0.06					-1.10001e-005	-1.4	
			-1.00001e-005	-0.08					-1.00001e-005	-1.4	
			-9.00009e-006	-0.068					-9.00009e-006	-1.4	
			-8.00009e-006	-0.06					-8.00009e-006	-1.4	
			-7.00009e-006	-0.116					-7.00009e-006	-1.2	
			-6.00009e-006	-0.084					-6.00009e-006	-1.2	
			-5.00009e-006	-0.084					-5.00009e-006	-1.2	
			-4.00009e-006	-0.036					-4.00009e-006	-1	
			-3.00009e-006	-0.06					-3.00009e-006	-1	
			-2.00009e-006	-0.104					-2.00009e-006	-1	
			-1.00009e-006	-0.052					-1.00009e-006	-0.8	
			-9.16316e-011	0.1					-9.16316e-011	-0.8	
			9.99908e-007	0.112					9.99908e-007	-0.8	
			1.99991e-006	0.088					1.99991e-006	-0.6	
			2.99991e-006	0.072					2.99991e-006	-0.6	
			3.99991e-006	0.1					3.99991e-006	-0.6	
			4.99991e-006	0.1					4.99991e-006	-0.6	
			5.99991e-006	0.088					5.99991e-006	-0.4	
			6.99991e-006	0.056					6.99991e-006	-0.4	
			7.99991e-006	0.068					7.99991e-006	-0.4	
			8.99991e-006	0.084					8.99991e-006	-0.2	
			9.99991e-006	0.112					9.99991e-006	-0.2	
			1.09999e-005	0.104					1.09999e-005	-0.2	
			1.19999e-005	0.124					1.19999e-005	-0.2	
			1.29999e-005	0.156					1.29999e-005	0	
			1.39999e-005	0.184					1.39999e-005	0	
			1.49999e-005	0.148					1.49999e-005	0.2	
			1.59999e-005	0.108					1.59999e-005	0.2	
			1.69999e-005	0.116					1.69999e-005	0.2	
			1.79999e-005	0.112					1.79999e-005	0.2	
			1.89999e-005	0.132					1.89999e-005	0.4	
			1.99999e-005	0.128					1.99999e-005	0.4	
			2.09999e-005	0.156					2.09999e-005	0.4	
			2.19999e-005	0.204					2.19999e-005	0.4	
			2.29999e-005	0.244					2.29999e-005	0.6	
			2.39999e-005	0.228					2.39999e-005	0.6	
			2.49999e-005	0.208					2.49999e-005	0.8	
			2.59999e-005	0.18					2.59999e-005	0.8	
			2.69999e-005	0.188					2.69999e-005	0.8	
			2.79999e-005	0.192					2.79999e-005	1	
			2.89999e-005	0.176					2.89999e-005	1	
			2.99999e-005	0.188					2.99999e-005	1	
			3.09999e-005	0.212					3.09999e-005	1.2	
			3.19999e-005	0.236					3.19999e-005	1.2	
			3.29999e-005	0.224					3.29999e-005	1.2	
			3.39999e-005	0.216					3.39999e-005	1.2	
			3.49999e-005	0.212					3.49999e-005	1.2	
			3.59999e-005	0.224					3.59999e-005	1.4	
			3.69999e-005	0.24					3.69999e-005	1.4	
			3.79999e-005	0.216					3.79999e-005	1.4	
			3.89999e-005	0.208					3.89999e-005	1.6	
			3.99999e-005	0.196					3.99999e-005	1.6	
			4.09999e-005	0.212					4.09999e-005	1.6	
			4.19999e-005	0.184					4.19999e-005	1.8	
			4.29999e-005	0.176					4.29999e-005	1.8	
			4.39999e-005	0.172					4.39999e-005	1.8	
			4.49999e-005	0.176					4.49999e-005	2	
			4.59999e-005	0.168					4.59999e-005	2	
			4.69999e-005	0.124					4.69999e-005	2	
			4.79999e-005	0.168					4.79999e-005	2.2	
			4.89999e-005	0.148					4.89999e-005	2.2	
			4.99999e-005	0.136					4.99999e-005	2.2	
			5.09999e-005	0.16					5.09999e-005	2.2	
			5.19999e-005	0.156					5.19999e-005	2.2	
			5.29999e-005	0.18					5.29999e-005	2.4	
			5.39999e-005	0.156					5.39999e-005	2.4	
			5.49999e-005	0.136					5.49999e-005	2.6	
			5.59999e-005	0.12					5.59999e-005	2.6	
			5.69999e-005	0.096					5.69999e-005	2.6	
			5.79999e-005	0.092					5.79999e-005	2.8	
			5.89999e-005	0.092					5.89999e-005	2.8	
			5.99999e-005	0.136					5.99999e-005	2.8	
			6.09999e-005	0.136					6.09999e-005	3	
			6.19999e-005	0.168					6.19999e-005	3	
			6.29999e-005	0.176					6.29999e-005	3	
			6.39999e-005	0.14					6.39999e-005	3	
			6.49999e-005	0.136					6.49999e-005	3.2	
			6.59999e-005	0.116					6.59999e-005	3.2	
			6.69999e-005	0.108					6.69999e-005	3.2	
			6.79999e-005	0.104					6.79999e-005	3.4	
			6.89999e-005	0.084					6.89999e-005	3.2	
			6.99999e-005	0.14					6.99999e-005	3.4	
			7.09999e-005	0.136					7.09999e-005	3.4	
			7.19999e-005	0.144					7.19999e-005	3.6	
			7.29999e-005	0.14					7.29999e-005	3.6	
			7.39999e-005	0.08					7.39999e-005	3.6	
			7.49999e-005	0.132					7.49999e-005	3.6	
			7.59999e-005	0.108					7.59999e-005	3.8	
			7.69999e-005	0.108					7.69999e-005	3.8	
			7.79999e-005	0.088					7.79999e-005	4	
			7.89999e-005	0.116					7.89999e-005	4	
			7.99999e-005	0.14					7.99999e-005	4	
			8.09999e-005	0.136					8.09999e-005	4	
			8.19999e-005	0.108					8.19999e-005	4.2	
			8.29999e-005	0.108					8.29999e-005	4.2	
			8.39999e-005	0.116					8.39999e-005	4.2	
			8.49999e-005	0.124					8.49999e-005	4.2	
			8.59999e-005	0.136					8.59999e-005	4.4	
			8.69999e-005	0.104					8.69999e-005	4.4	
			8.79999e-005	0.14					8.79999e-005	4.6	
			8.89999e-005	0.124					8.89999e-005	4.6	
			8.99999e-005	0.12					8.99999e-005	4.6	
			9.09999e-005	0.104					9.09999e-005	4.6	
			9.19999e-005	0.1					9.19999e-005	4.8	
			9.29999e-005	0.088					9.29999e-005	4.8	
			9.39999e-005	0.128					9.39999e-005	4.8	
			9.49999e-005	0.12					9.49999e-005	4.8	
			9.59999e-005	0.088					9.59999e-005	4.8	
			9.69999e-005	0.1					9.69999e-005	5	
			9.79999e-005	0.1					9.79999e-005	5	
			9.89999e-005	0.12					9.89999e-005	5.2	
			9.99999e-005	0.104					9.99999e-005	5.2	
			0.000101	0.092					0.000101	5.2	
			0.000102	0.1					0.000102	5.2	
			0.000103	0.132					0.000103	5.4	
			0.000104	0.108					0.000104	5.4	
			0.000105	0.096					0.000105	5.4	
			0.000106	0.12					0.000106	5.6	
			0.000107	0.116					0.000107	5.6	
			0.000108	0.152					0.000108	5.6	
			0.000109	0.136					0.000109	5.8	
			0.00011	0.132					0.00011	5.8	
			0.000111	0.148					0.000111	5.8	
			0.000112	0.116					0.000112	6	
			0.000113	0.112					0.000113	6	
			0.000114	0.072					0.000114	6	
			0.000115	0.088					0.000115	6	
			0.000116	0.076					0.000116	6	
			0.000117	0.1					0.000117	6.2	
			0.000118	0.088					0.000118	6.2	
			0.000119	0.112					0.000119	6.2	
			0.00012	0.132					0.00012	6.4	
			0.000121	0.144					0.000121	6.4	
			0.000122	0.132					0.000122	6.4	
			0.000123	0.1					0.000123	6.6	
			0.000124	0.096					0.000124	6.6	
			0.000125	0.068					0.000125	6.6	
			0.000126	0.092					0.000126	6.8	
			0.000127	0.092					0.000127	6.8	
			0.000128	0.08					0.000128	6.8	
			0.000129	0.116					0.000129	6.8	
			0.00013	0.132					0.00013	6.8	
			0.000131	0.112					0.000131	7	
			0.000132	0.12					0.000132	7	
			0.000133	0.096					0.000133	7.2	
			0.000134	0.12					0.000134	7.2	
			0.000135	0.108					0.000135	7.2	
			0.000136	0.052					0.000136	7.2	
			0.000137	0.1					0.000137	7.2	
			0.000138	0.092					0.000138	7.4	
			0.000139	0.12					0.000139	7.6	
			0.00014	0.132					0.00014	7.6	
			0.000141	0.1					0.000141	7.6	
			0.000142	0.128					0.000142	7.6	
			0.000143	0.084					0.000143	7.8	
			0.000144	0.108					0.000144	7.8	
			0.000145	0.084					0.000145	7.8	
			0.000146	0.096					0.000146	8	
			0.000147	0.068					0.000147	8	
			0.000148	0.08					0.000148	8	
			0.000149	0.092					0.000149	8.2	
			0.00015	0.072					0.00015	8.2	
			0.000151	0.108					0.000151	8.2	
			0.000152	0.136					0.000152	8.4	
			0.000153	0.132					0.000153	8.4	
			0.000154	0.116					0.000154	8.4	
			0.000155	0.088					0.000155	8.4	
			0.000156	0.084					0.000156	8.6	
			0.000157	0.112					0.000157	8.6	
			0.000158	0.092					0.000158	8.6	
			0.000159	0.096					0.000159	8.8	
			0.00016	0.104					0.00016	8.8	
			0.000161	0.132					0.000161	8.8	
			0.000162	0.12					0.000162	8.8	
			0.000163	0.132					0.000163	8.8	
			0.000164	0.104					0.000164	9	
			0.000165	0.116					0.000165	9	
			0.000166	0.096					0.000166	9	
			0.000167	0.06					0.000167	9.2	
			0.000168	0.016					0.000168	9.2	
			0.000169	0.036					0.000169	9.2	
			0.00017	0.096					0.00017	9.4	
			0.000171	0.12					0.000171	9.4	
			0.000172	0.1					0.000172	9.6	
			0.000173	0.092					0.000173	9.6	
			0.000174	0.072					0.000174	9.6	
			0.000175	0.096					0.000175	9.6	
			0.000176	0.08					0.000176	9.8	
			0.000177	0.076					0.000177	9.6	
			0.000178	0.104					0.000178	9.8	
			0.000179	0.104					0.000179	9.8	
			0.00018	0.128					0.00018	9.8	
			0.000181	0.1					0.000181	10	
			0.000182	0.1					0.000182	9.8	
			0.000183	0.104					0.000183	9.8	
			0.000184	0.116					0.000184	9.8	
			0.000185	0.096					0.000185	9.8	
			0.000186	0.068					0.000186	9.8	
			0.000187	0.084					0.000187	9.6	
			0.000188	0.128					0.000188	9.6	
			0.000189	0.128					0.000189	9.4	
			0.00019	0.116					0.00019	9.4	
			0.000191	0.108					0.000191	9.4	
			0.000192	0.092					0.000192	9.2	
			0.000193	0.092					0.000193	9.4	
			0.000194	0.072					0.000194	9.2	
			0.000195	0.048					0.000195	9.2	
			0.000196	0.092					0.000196	9	
			0.000197	0.112					0.000197	9	
			0.000198	0.132					0.000198	9	
			0.000199	0.124					0.000199	9	
			0.0002	0.092					0.0002	8.8	
			0.000201	0.12					0.000201	8.8	
			0.000202	0.096					0.000202	8.8	
			0.000203	0.092					0.000203	8.8	
			0.000204	0.032					0.000204	8.6	
			0.000205	0.048					0.000205	8.6	
			0.000206	0.044					0.000206	8.6	
			0.000207	0.068					0.000207	8.4	
			0.000208	0.08					0.000208	8.4	
			0.000209	0.1					0.000209	8.2	
			0.00021	0.12					0.00021	8.2	
			0.000211	0.1					0.000211	8.2	
			0.000212	0.092					0.000212	8.2	
			0.000213	0.072					0.000213	8.2	
			0.000214	0.072					0.000214	8	
			0.000215	0.072					0.000215	8	
			0.000216	0.092					0.000216	8	
			0.000217	0.076					0.000217	7.8	
			0.000218	0.072					0.000218	7.8	
			0.000219	0.112					0.000219	7.6	
			0.00022	0.116					0.00022	7.6	
			0.000221	0.104					0.000221	7.6	
			0.000222	0.096					0.000222	7.4	
			0.000223	0.1					0.000223	7.4	
			0.000224	0.092					0.000224	7.4	
			0.000225	0.088					0.000225	7.2	
			0.000226	0.04					0.000226	7.2	
			0.000227	0.068					0.000227	7.2	
			0.000228	0.068					0.000228	7.2	
			0.000229	0.076					0.000229	7	
			0.00023	0.076					0.00023	7	
			0.000231	0.064					0.000231	7	
			0.000232	0.084					0.000232	6.8	
			0.000233	0.072					0.000233	6.8	
			0.000234	0.124					0.000234	6.8	
			0.000235	0.084					0.000235	6.8	
			0.000236	0.1					0.000236	6.6	
			0.000237	0.076					0.000237	6.6	
			0.000238	0.072					0.000238	6.6	
			0.000239	0.088					0.000239	6.6	
			0.00024	0.08					0.00024	6.4	
			0.000241	0.072					0.000241	6.4	
			0.000242	0.112					0.000242	6.4	
			0.000243	0.108					0.000243	6.4	
			0.000244	0.108					0.000244	6.4	
			0.000245	0.096					0.000245	6.2	
			0.000246	0.088					0.000246	6	
			0.000247	0.084					0.000247	6	
			0.000248	0.092					0.000248	6	
			0.000249	0.064					0.000249	6	
			0.00025	0.056					0.00025	5.8	
			0.000251	0.092					0.000251	5.8	
			0.000252	0.06					0.000252	5.8	
			0.000253	0.096					0.000253	5.8	
			0.000254	0.056					0.000254	5.6	
			0.000255	0.072					0.000255	5.6	
			0.000256	0.048					0.000256	5.6	
			0.000257	0.08					0.000257	5.4	
			0.000258	0.068					0.000258	5.4	
			0.000259	0.108					0.000259	5.2	
			0.00026	0.092					0.00026	5.4	
			0.000261	0.104					0.000261	5.2	
			0.000262	0.092					0.000262	5.2	
			0.000263	0.104					0.000263	5	
			0.000264	0.092					0.000264	5	
			0.000265	0.072					0.000265	5	
			0.000266	0.112					0.000266	5	
			0.000267	0.072					0.000267	4.8	
			0.000268	0.096					0.000268	4.8	
			0.000269	0.064					0.000269	4.8	
			0.00027	0.076					0.00027	4.8	
			0.000271	0.104					0.000271	4.6	
			0.000272	0.088					0.000272	4.6	
			0.000273	0.076					0.000273	4.6	
			0.000274	0.072					0.000274	4.4	
			0.000275	0.044					0.000275	4.4	
			0.000276	0.064					0.000276	4.4	
			0.000277	0.072					0.000277	4.4	
			0.000278	0.08					0.000278	4.2	
			0.000279	0.088					0.000279	4.2	
			0.00028	0.092					0.00028	4	
			0.000281	0.06					0.000281	4	
			0.000282	0.072					0.000282	4	
			0.000283	0.06					0.000283	3.8	
			0.000284	0.068					0.000284	3.8	
			0.000285	0.092					0.000285	3.8	
			0.000286	0.112					0.000286	3.8	
			0.000287	0.092					0.000287	3.6	
			0.000288	0.096					0.000288	3.6	
			0.000289	0.072					0.000289	3.6	
			0.00029	0.076					0.00029	3.4	
			0.000291	0.084					0.000291	3.4	
			0.000292	0.052					0.000292	3.4	
			0.000293	0.052					0.000293	3.2	
			0.000294	0.08					0.000294	3.2	
			0.000295	0.08					0.000295	3.2	
			0.000296	0.088					0.000296	3.2	
			0.000297	0.136					0.000297	3	
			0.000298	0.092					0.000298	3	
			0.000299	0.128					0.000299	3	
			0.0003	0.06					0.0003	2.8	
			0.000301	0.052					0.000301	2.8	
			0.000302	0.048					0.000302	2.8	
			0.000303	0.008					0.000303	2.8	
			0.000304	0.048					0.000304	2.6	
			0.000305	0.068					0.000305	2.8	
			0.000306	0.088					0.000306	2.6	
			0.000307	0.064					0.000307	2.4	
			0.000308	0.092					0.000308	2.4	
			0.000309	0.088					0.000309	2.4	
			0.00031	0.1					0.00031	2.4	
			0.000311	0.072					0.000311	2.2	
			0.000312	0.072					0.000312	2.2	
			0.000313	0.052					0.000313	2.2	
			0.000314	0.044					0.000314	2.2	
			0.000315	0.06					0.000315	2	
			0.000316	0.068					0.000316	2	
			0.000317	0.084					0.000317	2	
			0.000318	0.096					0.000318	1.8	
			0.000319	0.112					0.000319	1.8	
			0.00032	0.12					0.00032	1.8	
			0.000321	0.12					0.000321	1.6	
			0.000322	0.08					0.000322	1.6	
			0.000323	0.112					0.000323	1.4	
			0.000324	0.08					0.000324	1.6	
			0.000325	0.08					0.000325	1.4	
			0.000326	0.052					0.000326	1.4	
			0.000327	0.056					0.000327	1.2	
			0.000328	0.056					0.000328	1.2	
			0.000329	0.068					0.000329	1.2	
			0.00033	0.068					0.00033	1	
			0.000331	0.04					0.000331	1	
			0.000332	0.024					0.000332	1	
			0.000333	-0.276					0.000333	0.8	
			0.000334	-0.228					0.000334	1	
			0.000335	-0.172					0.000335	0.8	
			0.000336	-0.148					0.000336	0.8	
			0.000337	-0.148					0.000337	0.6	
			0.000338	-0.124					0.000338	0.6	
			0.000339	-0.144					0.000339	0.6	
			0.00034	-0.096					0.00034	0.4	
			0.000341	-0.112					0.000341	0.4	
			0.000342	-0.096					0.000342	0.4	
			0.000343	-0.1					0.000343	0.4	
			0.000344	-0.144					0.000344	0.4	
			0.000345	-0.136					0.000345	0.2	
			0.000346	-0.168					0.000346	0.2	
			0.000347	-0.196					0.000347	0	
			0.000348	-0.18					0.000348	0	
			0.000349	-0.184					0.000349	0	
			0.00035	-0.18					0.00035	-0.2	
			0.000351	-0.156					0.000351	-0.2	
			0.000352	-0.172					0.000352	-0.2	
			0.000353	-0.152					0.000353	-0.4	
			0.000354	-0.164					0.000354	-0.4	
			0.000355	-0.176					0.000355	-0.4	
			0.000356	-0.184					0.000356	-0.4	
			0.000357	-0.196					0.000357	-0.4	
			0.000358	-0.204					0.000358	-0.6	
			0.000359	-0.208					0.000359	-0.6	
			0.00036	-0.208					0.00036	-0.8	
			0.000361	-0.216					0.000361	-0.6	
			0.000362	-0.188					0.000362	-0.8	
			0.000363	-0.184					0.000363	-1	
			0.000364	-0.216					0.000364	-1	
			0.000365	-0.224					0.000365	-1	
			0.000366	-0.256					0.000366	-1	
			0.000367	-0.268					0.000367	-1	
			0.000368	-0.276					0.000368	-1.2	
			0.000369	-0.304					0.000369	-1.2	
			0.00037	-0.228					0.00037	-1.2	
			0.000371	-0.196					0.000371	-1.4	
			0.000372	-0.164					0.000372	-1.4	
			0.000373	-0.136					0.000373	-1.4	
			0.000374	-0.12					0.000374	-1.6	
			0.000375	-0.124					0.000375	-1.6	
			0.000376	-0.12					0.000376	-1.6	
			0.000377	-0.124					0.000377	-1.8	
			0.000378	-0.128					0.000378	-1.8	
			0.000379	-0.156					0.000379	-1.8	
			0.00038	-0.144					0.00038	-2	
			0.000381	-0.108					0.000381	-2	
			0.000382	-0.128					0.000382	-2	
			0.000383	-0.116					0.000383	-2	
			0.000384	-0.112					0.000384	-2.2	
			0.000385	-0.1					0.000385	-2.2	
			0.000386	-0.104					0.000386	-2.2	
			0.000387	-0.136					0.000387	-2.4	
			0.000388	-0.144					0.000388	-2.4	
			0.000389	-0.128					0.000389	-2.4	
			0.00039	-0.14					0.00039	-2.6	
			0.000391	-0.136					0.000391	-2.6	
			0.000392	-0.14					0.000392	-2.6	
			0.000393	-0.144					0.000393	-2.8	
			0.000394	-0.136					0.000394	-2.8	
			0.000395	-0.112					0.000395	-2.8	
			0.000396	-0.112					0.000396	-2.8	
			0.000397	-0.096					0.000397	-2.8	
			0.000398	-0.096					0.000398	-3	
			0.000399	-0.096					0.000399	-3	
			0.0004	-0.076					0.0004	-3	
			0.000401	-0.108					0.000401	-3.2	
			0.000402	-0.092					0.000402	-3.2	
			0.000403	-0.116					0.000403	-3.2	
			0.000404	-0.112					0.000404	-3.4	
			0.000405	-0.112					0.000405	-3.4	
			0.000406	-0.132					0.000406	-3.4	
			0.000407	-0.152					0.000407	-3.6	
			0.000408	-0.104					0.000408	-3.6	
			0.000409	-0.116					0.000409	-3.6	
			0.00041	-0.104					0.00041	-3.8	
			0.000411	-0.128					0.000411	-3.8	
			0.000412	-0.12					0.000412	-3.8	
			0.000413	-0.136					0.000413	-3.8	
			0.000414	-0.108					0.000414	-3.8	
			0.000415	-0.12					0.000415	-4	
			0.000416	-0.104					0.000416	-4	
			0.000417	-0.092					0.000417	-4	
			0.000418	-0.108					0.000418	-4.2	
			0.000419	-0.092					0.000419	-4.2	
			0.00042	-0.104					0.00042	-4.2	
			0.000421	-0.12					0.000421	-4.4	
			0.000422	-0.144					0.000422	-4.4	
			0.000423	-0.12					0.000423	-4.4	
			0.000424	-0.156					0.000424	-4.6	
			0.000425	-0.116					0.000425	-4.6	
			0.000426	-0.14					0.000426	-4.6	
			0.000427	-0.064					0.000427	-4.6	
			0.000428	-0.068					0.000428	-4.8	
			0.000429	-0.04					0.000429	-4.8	
			0.00043	-0.068					0.00043	-4.8	
			0.000431	-0.108					0.000431	-5	
			0.000432	-0.08					0.000432	-5	
			0.000433	-0.12					0.000433	-5	
			0.000434	-0.112					0.000434	-5.2	
			0.000435	-0.136					0.000435	-5	
			0.000436	-0.128					0.000436	-5.2	
			0.000437	-0.128					0.000437	-5.2	
			0.000438	-0.124					0.000438	-5.4	
			0.000439	-0.112					0.000439	-5.4	
			0.00044	-0.084					0.00044	-5.4	
			0.000441	-0.084					0.000441	-5.4	
			0.000442	-0.068					0.000442	-5.6	
			0.000443	-0.088					0.000443	-5.6	
			0.000444	-0.096					0.000444	-5.6	
			0.000445	-0.12					0.000445	-5.6	
			0.000446	-0.116					0.000446	-5.8	
			0.000447	-0.104					0.000447	-6	
			0.000448	-0.132					0.000448	-6	
			0.000449	-0.12					0.000449	-6	
			0.00045	-0.14					0.00045	-6.2	
			0.000451	-0.14					0.000451	-6.2	
			0.000452	-0.136					0.000452	-6.2	
			0.000453	-0.128					0.000453	-6.4	
			0.000454	-0.1					0.000454	-6.4	
			0.000455	-0.104					0.000455	-6.4	
			0.000456	-0.06					0.000456	-6.4	
			0.000457	-0.072					0.000457	-6.6	
			0.000458	-0.06					0.000458	-6.6	
			0.000459	-0.068					0.000459	-6.6	
			0.00046	-0.104					0.00046	-6.8	
			0.000461	-0.092					0.000461	-6.8	
			0.000462	-0.124					0.000462	-6.8	
			0.000463	-0.104					0.000463	-6.8	
			0.000464	-0.12					0.000464	-7	
			0.000465	-0.076					0.000465	-7	
			0.000466	-0.096					0.000466	-7	
			0.000467	-0.06					0.000467	-7.2	
			0.000468	-0.076					0.000468	-7.2	
			0.000469	-0.1					0.000469	-7.4	
			0.00047	-0.12					0.00047	-7.2	
			0.000471	-0.104					0.000471	-7.4	
			0.000472	-0.104					0.000472	-7.6	
			0.000473	-0.08					0.000473	-7.6	
			0.000474	-0.1					0.000474	-7.6	
			0.000475	-0.116					0.000475	-7.6	
			0.000476	-0.052					0.000476	-7.8	
			0.000477	-0.076					0.000477	-7.6	
			0.000478	-0.052					0.000478	-7.8	
			0.000479	-0.096					0.000479	-7.8	
			0.00048	-0.088					0.00048	-8	
			0.000481	-0.096					0.000481	-8	
			0.000482	-0.12					0.000482	-8	
			0.000483	-0.14					0.000483	-8.2	
			0.000484	-0.14					0.000484	-8.2	
			0.000485	-0.112					0.000485	-8.2	
			0.000486	-0.112					0.000486	-8.2	
			0.000487	-0.116					0.000487	-8.2	
			0.000488	-0.14					0.000488	-8.4	
			0.000489	-0.096					0.000489	-8.4	
			0.00049	-0.08					0.00049	-8.6	
			0.000491	-0.028					0.000491	-8.6	
			0.000492	-0.088					0.000492	-8.6	
			0.000493	-0.08					0.000493	-8.8	
			0.000494	-0.116					0.000494	-8.6	
			0.000495	-0.084					0.000495	-8.8	
			0.000496	-0.088					0.000496	-8.8	
			0.000497	-0.116					0.000497	-8.8	
			0.000498	-0.088					0.000498	-9	
			0.000499	-0.104					0.000499	-9	
			0.0005	-0.076					0.0005	-9	
			0.000501	-0.124					0.000501	-9	
			0.000502	-0.084					0.000502	-9.2	
			0.000503	-0.084					0.000503	-9.2	
			0.000504	-0.06					0.000504	-9.2	
			0.000505	-0.056					0.000505	-9.2	
			0.000506	-0.104					0.000506	-9.4	
			0.000507	-0.132					0.000507	-9.4	
			0.000508	-0.144					0.000508	-9.4	
			0.000509	-0.104					0.000509	-9.6	
			0.00051	-0.108					0.00051	-9.6	
			0.000511	-0.076					0.000511	-9.6	
			0.000512	-0.084					0.000512	-9.8	
			0.000513	-0.088					0.000513	-9.8	
			0.000514	-0.084					0.000514	-9.8	
			0.000515	-0.108					0.000515	-9.8	
			0.000516	-0.104					0.000516	-9.8	
			0.000517	-0.108					0.000517	-9.8	
			0.000518	-0.12					0.000518	-9.6	
			0.000519	-0.108					0.000519	-9.6	
			0.00052	-0.08					0.00052	-9.6	
			0.000521	-0.1					0.000521	-9.4	
			0.000522	-0.048					0.000522	-9.4	
			0.000523	-0.044					0.000523	-9.2	
			0.000524	-0.048					0.000524	-9.2	
			0.000525	-0.088					0.000525	-9.2	
			0.000526	-0.116					0.000526	-9.2	
			0.000527	-0.128					0.000527	-9.2	
			0.000528	-0.116					0.000528	-9	
			0.000529	-0.08					0.000529	-9	
			0.00053	-0.1					0.00053	-9	
			0.000531	-0.088					0.000531	-9	
			0.000532	-0.124					0.000532	-8.8	
			0.000533	-0.096					0.000533	-9	
			0.000534	-0.096					0.000534	-8.8	
			0.000535	-0.104					0.000535	-8.8	
			0.000536	-0.104					0.000536	-8.8	
			0.000537	-0.064					0.000537	-8.6	
			0.000538	-0.052					0.000538	-8.6	
			0.000539	-0.072					0.000539	-8.4	
			0.00054	-0.088					0.00054	-8.4	
			0.000541	-0.112					0.000541	-8.2	
			0.000542	-0.06					0.000542	-8.2	
			0.000543	-0.072					0.000543	-8.2	
			0.000544	-0.088					0.000544	-8.2	
			0.000545	-0.108					0.000545	-8.2	
			0.000546	-0.1					0.000546	-8	
			0.000547	-0.056					0.000547	-8	
			0.000548	-0.052					0.000548	-8	
			0.000549	-0.1					0.000549	-7.8	
			0.00055	-0.116					0.00055	-7.8	
			0.000551	-0.092					0.000551	-7.8	
			0.000552	-0.1					0.000552	-7.6	
			0.000553	-0.092					0.000553	-7.6	
			0.000554	-0.112					0.000554	-7.6	
			0.000555	-0.068					0.000555	-7.6	
			0.000556	-0.06					0.000556	-7.4	
			0.000557	-0.04					0.000557	-7.4	
			0.000558	-0.08					0.000558	-7.2	
			0.000559	-0.1					0.000559	-7.2	
			0.00056	-0.1					0.00056	-7.2	
			0.000561	-0.076					0.000561	-7.2	
			0.000562	-0.096					0.000562	-7	
			0.000563	-0.128					0.000563	-7	
			0.000564	-0.132					0.000564	-7	
			0.000565	-0.096					0.000565	-7	
			0.000566	-0.064					0.000566	-7	
			0.000567	-0.072					0.000567	-6.8	
			0.000568	-0.08					0.000568	-6.8	
			0.000569	-0.076					0.000569	-6.8	
			0.00057	-0.08					0.00057	-6.6	
			0.000571	-0.116					0.000571	-6.6	
			0.000572	-0.104					0.000572	-6.6	
			0.000573	-0.132					0.000573	-6.4	
			0.000574	-0.048					0.000574	-6.4	
			0.000575	-0.04					0.000575	-6.4	
			0.000576	-0.016					0.000576	-6.2	
			0.000577	-0.056					0.000577	-6.2	
			0.000578	-0.056					0.000578	-6.2	
			0.000579	-0.06					0.000579	-6.2	
			0.00058	-0.076					0.00058	-6	
			0.000581	-0.088					0.000581	-6	
			0.000582	-0.144					0.000582	-6	
			0.000583	-0.1					0.000583	-5.8	
			0.000584	-0.096					0.000584	-5.6	
			0.000585	-0.084					0.000585	-5.8	
			0.000586	-0.088					0.000586	-5.6	
			0.000587	-0.108					0.000587	-5.6	
			0.000588	-0.08					0.000588	-5.6	
			0.000589	-0.068					0.000589	-5.4	
			0.00059	-0.076					0.00059	-5.4	
			0.000591	-0.092					0.000591	-5.2	
			0.000592	-0.108					0.000592	-5.2	
			0.000593	-0.108					0.000593	-5.2	
			0.000594	-0.06					0.000594	-5.2	
			0.000595	-0.064					0.000595	-5	
			0.000596	-0.072					0.000596	-5	
			0.000597	-0.036					0.000597	-5	
			0.000598	-0.064					0.000598	-5	
			0.000599	-0.016					0.000599	-4.8	
			0.0006	-0.08					0.0006	-4.8	
			0.000601	-0.108					0.000601	-4.8	
			0.000602	-0.108					0.000602	-4.6	
			0.000603	-0.096					0.000603	-4.6	
			0.000604	-0.088					0.000604	-4.6	
			0.000605	-0.084					0.000605	-4.4	
			0.000606	-0.1					0.000606	-4.4	
			0.000607	-0.068					0.000607	-4.4	
			0.000608	-0.048					0.000608	-4.4	
			0.000609	-0.056					0.000609	-4.2	
			0.00061	-0.056					0.00061	-4.2	
			0.000611	-0.068					0.000611	-4.2	
			0.000612	-0.096					0.000612	-4.2	
			0.000613	-0.072					0.000613	-4	
			0.000614	-0.104					0.000614	-4	
			0.000615	-0.1					0.000615	-4	
			0.000616	-0.08					0.000616	-3.8	
			0.000617	-0.084					0.000617	-3.8	
			0.000618	-0.044					0.000618	-3.8	
			0.000619	-0.084					0.000619	-3.6	
			0.00062	-0.064					0.00062	-3.6	
			0.000621	-0.092					0.000621	-3.6	
			0.000622	-0.06					0.000622	-3.4	
			0.000623	-0.1					0.000623	-3.4	
			0.000624	-0.12					0.000624	-3.4	
			0.000625	-0.132					0.000625	-3.2	
			0.000626	-0.14					0.000626	-3.2	
			0.000627	-0.096					0.000627	-3.2	
			0.000628	-0.08					0.000628	-3	
			0.000629	-0.068					0.000629	-3	
			0.00063	-0.044					0.00063	-3	
			0.000631	-0.056					0.000631	-3	
			0.000632	-0.052					0.000632	-3	
			0.000633	-0.044					0.000633	-2.8	
			0.000634	-0.096					0.000634	-2.8	
			0.000635	-0.048					0.000635	-2.6	
			0.000636	-0.088					0.000636	-2.6	
			0.000637	-0.06					0.000637	-2.6	
			0.000638	-0.064					0.000638	-2.6	
			0.000639	-0.08					0.000639	-2.6	
			0.00064	-0.068					0.00064	-2.4	
			0.000641	-0.116					0.000641	-2.4	
			0.000642	-0.068					0.000642	-2.2	
			0.000643	-0.096					0.000643	-2.2	
			0.000644	-0.112					0.000644	-2.2	
			0.000645	-0.096					0.000645	-2	
			0.000646	-0.076					0.000646	-2	
			0.000647	-0.056					0.000647	-2	
			0.000648	-0.068					0.000648	-2	
			0.000649	-0.092					0.000649	-1.8	
			0.00065	-0.108					0.00065	-1.8	
			0.000651	-0.076					0.000651	-1.6	
			0.000652	-0.08					0.000652	-1.8	
			0.000653	-0.076					0.000653	-1.6	
			0.000654	-0.08					0.000654	-1.6	
			0.000655	-0.052					0.000655	-1.6	
			0.000656	-0.048					0.000656	-1.4	
			0.000657	-0.016					0.000657	-1.4	
			0.000658	-0.06					0.000658	-1.4	
			0.000659	-0.072					0.000659	-1.2	
			0.00066	-0.06					0.00066	-1.2	
			0.000661	-0.092					0.000661	-1	
			0.000662	-0.072					0.000662	-1	
			0.000663	-0.128					0.000663	-1	
			0.000664	-0.08					0.000664	-1	
			0.000665	-0.072					0.000665	-1	
			0.000666	0					0.000666	-0.8	
			0.000667	0.128					0.000667	-0.8	
			0.000668	0.096					0.000668	-0.8	
			0.000669	0.12					0.000669	-0.6	
			0.00067	0.116					0.00067	-0.6	
			0.000671	0.12					0.000671	-0.4	
			0.000672	0.052					0.000672	-0.4	
			0.000673	0.052					0.000673	-0.4	
			0.000674	0.052					0.000674	-0.4	
			0.000675	0.092					0.000675	-0.4	
			0.000676	0.064					0.000676	-0.2	
			0.000677	0.092					0.000677	-0.2	
			0.000678	0.108					0.000678	-0.2	
			0.000679	0.152					0.000679	0	
			0.00068	0.152					0.00068	0	
			0.000681	0.148					0.000681	0	
			0.000682	0.144					0.000682	0	
			0.000683	0.144					0.000683	0.2	
			0.000684	0.156					0.000684	0.2	
			0.000685	0.124					0.000685	0.2	
			0.000686	0.108					0.000686	0.4	
			0.000687	0.144					0.000687	0.4	
			0.000688	0.184					0.000688	0.4	
			0.000689	0.212					0.000689	0.6	
			0.00069	0.22					0.00069	0.6	
			0.000691	0.172					0.000691	0.6	
			0.000692	0.2					0.000692	0.8	
			0.000693	0.188					0.000693	0.8	
			0.000694	0.196					0.000694	0.8	
			0.000695	0.188					0.000695	1	
			0.000696	0.192					0.000696	1	
			0.000697	0.184					0.000697	1	
			0.000698	0.164					0.000698	1.2	
			0.000699	0.192					0.000699	1.2	
			0.0007	0.168					0.0007	1.2	
			0.000701	0.236					0.000701	1.2	
			0.000702	0.26					0.000702	1.2	
			0.000703	0.264					0.000703	1.4	
			0.000704	0.248					0.000704	1.4	
			0.000705	0.252					0.000705	1.6	
			0.000706	0.256					0.000706	1.6	
			0.000707	0.24					0.000707	1.6	
			0.000708	0.228					0.000708	1.6	
			0.000709	0.2					0.000709	1.8	
			0.00071	0.18					0.00071	1.8	
			0.000711	0.156					0.000711	1.8	
			0.000712	0.148					0.000712	2	
			0.000713	0.148					0.000713	2	
			0.000714	0.164					0.000714	2	
			0.000715	0.144					0.000715	2.2	
			0.000716	0.144					0.000716	2.2	
			0.000717	0.096					0.000717	2.2	
			0.000718	0.128					0.000718	2.2	
			0.000719	0.104					0.000719	2.4	
			0.00072	0.14					0.00072	2.4	
			0.000721	0.144					0.000721	2.4	
			0.000722	0.12					0.000722	2.6	
			0.000723	0.156					0.000723	2.6	
			0.000724	0.1					0.000724	2.8	
			0.000725	0.12					0.000725	2.8	
			0.000726	0.124					0.000726	2.8	
			0.000727	0.152					0.000727	2.8	
			0.000728	0.148					0.000728	3	
			0.000729	0.148					0.000729	3	
			0.00073	0.12					0.00073	3	
			0.000731	0.14					0.000731	3	
			0.000732	0.104					0.000732	3	
			0.000733	0.128					0.000733	3.2	
			0.000734	0.116					0.000734	3.2	
			0.000735	0.116					0.000735	3.4	
			0.000736	0.144					0.000736	3.4	
			0.000737	0.112					0.000737	3.4	
			0.000738	0.132					0.000738	3.6	
			0.000739	0.092					0.000739	3.6	
			0.00074	0.12					0.00074	3.6	
			0.000741	0.116					0.000741	3.6	
			0.000742	0.112					0.000742	3.6	
			0.000743	0.14					0.000743	3.8	
			0.000744	0.08					0.000744	3.8	
			0.000745	0.108					0.000745	4	
			0.000746	0.124					0.000746	4	
			0.000747	0.108					0.000747	4	
			0.000748	0.112					0.000748	4	
			0.000749	0.104					0.000749	4.2	
			0.00075	0.132					0.00075	4.2	
			0.000751	0.164					0.000751	4.2	
			0.000752	0.128					0.000752	4.4	
			0.000753	0.108					0.000753	4.4	
			0.000754	0.128					0.000754	4.4	
			0.000755	0.072					0.000755	4.4	
			0.000756	0.08					0.000756	4.6	
			0.000757	0.064					0.000757	4.6	
			0.000758	0.084					0.000758	4.6	
			0.000759	0.108					0.000759	4.8	
			0.00076	0.132					0.00076	4.8	
			0.000761	0.136					0.000761	4.8	
			0.000762	0.104					0.000762	5	
			0.000763	0.12					0.000763	5	
			0.000764	0.108					0.000764	5	
			0.000765	0.116					0.000765	5	
			0.000766	0.1					0.000766	5	
			0.000767	0.08					0.000767	5.2	
			0.000768	0.088					0.000768	5.2	
			0.000769	0.1					0.000769	5.4	
			0.00077	0.084					0.00077	5.4	
			0.000771	0.096					0.000771	5.4	
			0.000772	0.1					0.000772	5.6	
			0.000773	0.124					0.000773	5.6	
			0.000774	0.132					0.000774	5.6	
			0.000775	0.14					0.000775	5.6	
			0.000776	0.128					0.000776	5.8	
			0.000777	0.128					0.000777	5.8	
			0.000778	0.144					0.000778	5.8	
			0.000779	0.124					0.000779	6	
			0.00078	0.096					0.00078	6	
			0.000781	0.084					0.000781	6	
			0.000782	0.12					0.000782	6.2	
			0.000783	0.12					0.000783	6.2	
			0.000784	0.164					0.000784	6.2	
			0.000785	0.14					0.000785	6.2	
			0.000786	0.128					0.000786	6.4	
			0.000787	0.132					0.000787	6.4	
			0.000788	0.096					0.000788	6.4	
			0.000789	0.092					0.000789	6.6	
			0.00079	0.044					0.00079	6.6	
			0.000791	0.056					0.000791	6.6	
			0.000792	0.084					0.000792	6.6	
			0.000793	0.064					0.000793	6.8	
			0.000794	0.1					0.000794	6.8	
			0.000795	0.104					0.000795	6.8	
			0.000796	0.128					0.000796	6.8	
			0.000797	0.132					0.000797	7	
			0.000798	0.132					0.000798	7	
			0.000799	0.096					0.000799	7	
			0.0008	0.08					0.0008	7	
			0.000801	0.092					0.000801	7.2	
			0.000802	0.1					0.000802	7.2	
			0.000803	0.124					0.000803	7.2	
			0.000804	0.1					0.000804	7.4	
			0.000805	0.092					0.000805	7.4	
			0.000806	0.1					0.000806	7.6	
			0.000807	0.1					0.000807	7.6	
			0.000808	0.116					0.000808	7.6	
			0.000809	0.108					0.000809	7.8	
			0.00081	0.096					0.00081	7.8	
			0.000811	0.088					0.000811	7.8	
			0.000812	0.1					0.000812	7.8	
			0.000813	0.088					0.000813	8	
			0.000814	0.088					0.000814	8	
			0.000815	0.092					0.000815	8	
			0.000816	0.132					0.000816	8	
			0.000817	0.14					0.000817	8.2	
			0.000818	0.108					0.000818	8.2	
			0.000819	0.108					0.000819	8.4	
			0.00082	0.092					0.00082	8.4	
			0.000821	0.108					0.000821	8.4	
			0.000822	0.064					0.000822	8.4	
			0.000823	0.044					0.000823	8.6	
			0.000824	0.032					0.000824	8.6	
			0.000825	0.076					0.000825	8.6	
			0.000826	0.104					0.000826	8.8	
			0.000827	0.112					0.000827	8.8	
			0.000828	0.088					0.000828	8.8	
			0.000829	0.076					0.000829	9	
			0.00083	0.104					0.00083	9	
			0.000831	0.096					0.000831	9	
			0.000832	0.092					0.000832	9	
			0.000833	0.076					0.000833	9.2	
			0.000834	0.124					0.000834	9.2	
			0.000835	0.12					0.000835	9.2	
			0.000836	0.12					0.000836	9.2	
			0.000837	0.064					0.000837	9.4	
			0.000838	0.088					0.000838	9.4	
			0.000839	0.124					0.000839	9.6	
			0.00084	0.136					0.00084	9.6	
			0.000841	0.096					0.000841	9.6	
			0.000842	0.064					0.000842	9.6	
			0.000843	0.04					0.000843	9.6	
			0.000844	0.092					0.000844	9.8	
			0.000845	0.096					0.000845	9.8	
			0.000846	0.076					0.000846	10	
			0.000847	0.092					0.000847	10	
			0.000848	0.092					0.000848	10	
			0.000849	0.128					0.000849	10	
			0.00085	0.104					0.00085	9.8	
			0.000851	0.068					0.000851	9.8	
			0.000852	0.068					0.000852	9.8	
			0.000853	0.104					0.000853	9.6	
			0.000854	0.116					0.000854	9.6	
			0.000855	0.1					0.000855	9.6	
			0.000856	0.072					0.000856	9.4	
			0.000857	0.108					0.000857	9.4	
			0.000858	0.116					0.000858	9.4	
			0.000859	0.104					0.000859	9.2	
			0.00086	0.048					0.00086	9.2	
			0.000861	0.064					0.000861	9.2	
			0.000862	0.088					0.000862	9.2	
			0.000863	0.112					0.000863	9	
			0.000864	0.092					0.000864	9	
			0.000865	0.108					0.000865	9	
			0.000866	0.092					0.000866	8.8	
			0.000867	0.116					0.000867	8.8	
			0.000868	0.104					0.000868	8.8	
			0.000869	0.08					0.000869	8.8	
			0.00087	0.096					0.00087	8.6	
			0.000871	0.096					0.000871	8.6	
			0.000872	0.132					0.000872	8.6	
			0.000873	0.1					0.000873	8.4	
			0.000874	0.1					0.000874	8.6	
			0.000875	0.076					0.000875	8.4	
			0.000876	0.06					0.000876	8.2	
			0.000877	0.088					0.000877	8.2	
			0.000878	0.048					0.000878	8.2	
			0.000879	0.064					0.000879	8.2	
			0.00088	0.076					0.00088	8.2	
			0.000881	0.08					0.000881	8	
			0.000882	0.112					0.000882	8	
			0.000883	0.076					0.000883	8	
			0.000884	0.092					0.000884	7.8	
			0.000885	0.096					0.000885	7.8	
			0.000886	0.068					0.000886	7.6	
			0.000887	0.076					0.000887	7.6	
			0.000888	0.08					0.000888	7.6	
			0.000889	0.096					0.000889	7.6	
			0.00089	0.108					0.00089	7.4	
			0.000891	0.084					0.000891	7.4	
			0.000892	0.076					0.000892	7.2	
			0.000893	0.084					0.000893	7.2	
			0.000894	0.072					0.000894	7.2	
			0.000895	0.088					0.000895	7.2	
			0.000896	0.104					0.000896	7	
			0.000897	0.092					0.000897	7	
			0.000898	0.132					0.000898	7	
			0.000899	0.1					0.000899	6.8	
			0.0009	0.104					0.0009	6.8	
			0.000901	0.088					0.000901	6.8	
			0.000902	0.1					0.000902	6.8	
			0.000903	0.112					0.000903	6.6	
			0.000904	0.096					0.000904	6.6	
			0.000905	0.08					0.000905	6.6	
			0.000906	0.092					0.000906	6.4	
			0.000907	0.08					0.000907	6.4	
			0.000908	0.052					0.000908	6.4	
			0.000909	0.056					0.000909	6.4	
			0.00091	0.06					0.00091	6.4	
			0.000911	0.08					0.000911	6.2	
			0.000912	0.08					0.000912	6.2	
			0.000913	0.104					0.000913	6	
			0.000914	0.06					0.000914	6	
			0.000915	0.092					0.000915	6	
			0.000916	0.068					0.000916	6	
			0.000917	0.076					0.000917	6	
			0.000918	0.08					0.000918	5.8	
			0.000919	0.044					0.000919	5.8	
			0.00092	0.092					0.00092	5.8	
			0.000921	0.088					0.000921	5.6	
			0.000922	0.1					0.000922	5.6	
			0.000923	0.084					0.000923	5.6	
			0.000924	0.064					0.000924	5.4	
			0.000925	0.072					0.000925	5.4	
			0.000926	0.08					0.000926	5.2	
			0.000927	0.072					0.000927	5.2	
			0.000928	0.1					0.000928	5.2	
			0.000929	0.088					0.000929	5.2	
			0.00093	0.12					0.00093	5.2	
			0.000931	0.108					0.000931	5	
			0.000932	0.104					0.000932	5	
			0.000933	0.06					0.000933	4.8	
			0.000934	0.056					0.000934	4.8	
			0.000935	0.088					0.000935	4.8	
			0.000936	0.088					0.000936	4.8	
			0.000937	0.072					0.000937	4.6	
			0.000938	0.044					0.000938	4.6	
			0.000939	0.064					0.000939	4.6	
			0.00094	0.072					0.00094	4.6	
			0.000941	0.092					0.000941	4.4	
			0.000942	0.088					0.000942	4.4	
			0.000943	0.076					0.000943	4.2	
			0.000944	0.104					0.000944	4.2	
			0.000945	0.12					0.000945	4.2	
			0.000946	0.096					0.000946	4.2	
			0.000947	0.084					0.000947	4.2	
			0.000948	0.072					0.000948	4	
			0.000949	0.1					0.000949	4	
			0.00095	0.108					0.00095	4	
			0.000951	0.08					0.000951	3.8	
			0.000952	0.068					0.000952	3.8	
			0.000953	0.08					0.000953	3.6	
			0.000954	0.1					0.000954	3.6	
			0.000955	0.072					0.000955	3.6	
			0.000956	0.024					0.000956	3.6	
			0.000957	0.012					0.000957	3.4	
			0.000958	0.056					0.000958	3.4	
			0.000959	0.084					0.000959	3.2	
			0.00096	0.08					0.00096	3.2	
			0.000961	0.1					0.000961	3.2	
			0.000962	0.088					0.000962	3.2	
			0.000963	0.112					0.000963	3.2	
			0.000964	0.088					0.000964	3	
			0.000965	0.044					0.000965	3	
			0.000966	0.064					0.000966	3	
			0.000967	0.052					0.000967	2.8	
			0.000968	0.104					0.000968	2.8	
			0.000969	0.088					0.000969	2.8	
			0.00097	0.08					0.00097	2.8	
			0.000971	0.056					0.000971	2.6	
			0.000972	0.076					0.000972	2.6	
			0.000973	0.064					0.000973	2.6	
			0.000974	0.076					0.000974	2.4	
			0.000975	0.064					0.000975	2.6	
			0.000976	0.076					0.000976	2.4	
			0.000977	0.128					0.000977	2.2	
			0.000978	0.1					0.000978	2.2	
			0.000979	0.108					0.000979	2.2	
			0.00098	0.068					0.00098	2.2	
			0.000981	0.092					0.000981	2	
			0.000982	0.088					0.000982	2	
			0.000983	0.072					0.000983	2	
			0.000984	0.048					0.000984	1.8	
			0.000985	0.048					0.000985	1.8	
			0.000986	0.068					0.000986	1.8	
			0.000987	0.068					0.000987	1.8	
			0.000988	0.068					0.000988	1.6	
			0.000989	0.064					0.000989	1.6	
			0.00099	0.06					0.00099	1.6	
			0.000991	0.088					0.000991	1.6	
			0.000992	0.076					0.000992	1.4	
			0.000993	0.092					0.000993	1.2	
			0.000994	0.092					0.000994	1.2	
			0.000995	0.048					0.000995	1.2	
			0.000996	0.068					0.000996	1.2	
			0.000997	0.06					0.000997	1	
			0.000998	0.056					0.000998	1	
			0.000999	-0.108					0.000999	1	
			0.001	-0.256					0.001	1	
			0.001001	-0.16					0.001001	1	
			0.001002	-0.164					0.001002	0.8	
			0.001003	-0.136					0.001003	0.8	
			0.001004	-0.156					0.001004	0.6	
			0.001005	-0.136					0.001005	0.6	
			0.001006	-0.116					0.001006	0.6	
			0.001007	-0.096					0.001007	0.4	
			0.001008	-0.104					0.001008	0.4	
			0.001009	-0.128					0.001009	0.4	
			0.00101	-0.148					0.00101	0.2	
			0.001011	-0.172					0.001011	0.2	
			0.001012	-0.168					0.001012	0.2	
			0.001013	-0.192					0.001013	0.2	
			0.001014	-0.18					0.001014	0	
			0.001015	-0.184					0.001015	0	
			0.001016	-0.152					0.001016	0	
			0.001017	-0.148					0.001017	-0.2	
			0.001018	-0.108					0.001018	-0.2	
			0.001019	-0.16					0.001019	-0.2	
			0.00102	-0.164					0.00102	-0.4	
			0.001021	-0.212					0.001021	-0.4	
			0.001022	-0.22					0.001022	-0.4	
			0.001023	-0.24					0.001023	-0.6	
			0.001024	-0.216					0.001024	-0.6	
			0.001025	-0.204					0.001025	-0.6	
			0.001026	-0.172					0.001026	-0.6	
			0.001027	-0.208					0.001027	-0.8	
			0.001028	-0.24					0.001028	-0.8	
			0.001029	-0.216					0.001029	-0.8	
			0.00103	-0.22					0.00103	-0.8	
			0.001031	-0.192					0.001031	-1	
			0.001032	-0.232					0.001032	-1	
			0.001033	-0.24					0.001033	-1.2	
			0.001034	-0.272					0.001034	-1.2	
			0.001035	-0.248					0.001035	-1.2	
			0.001036	-0.224					0.001036	-1.2	
			0.001037	-0.192					0.001037	-1.4	
			0.001038	-0.14					0.001038	-1.4	
			0.001039	-0.136					0.001039	-1.4	
			0.00104	-0.1					0.00104	-1.4	
			0.001041	-0.148					0.001041	-1.6	
			0.001042	-0.152					0.001042	-1.6	
			0.001043	-0.12					0.001043	-1.6	
			0.001044	-0.128					0.001044	-1.8	
			0.001045	-0.116					0.001045	-1.8	
			0.001046	-0.136					0.001046	-1.8	
			0.001047	-0.156					0.001047	-1.8	
			0.001048	-0.14					0.001048	-2	
			0.001049	-0.116					0.001049	-2	
			0.00105	-0.12					0.00105	-2.2	
			0.001051	-0.128					0.001051	-2	
			0.001052	-0.184					0.001052	-2.2	
			0.001053	-0.132					0.001053	-2.4	
			0.001054	-0.128					0.001054	-2.4	
			0.001055	-0.1					0.001055	-2.4	
			0.001056	-0.104					0.001056	-2.4	
			0.001057	-0.096					0.001057	-2.4	
			0.001058	-0.076					0.001058	-2.6	
			0.001059	-0.132					0.001059	-2.6	
			0.00106	-0.152					0.00106	-2.6	
			0.001061	-0.188					0.001061	-2.6	
			0.001062	-0.156					0.001062	-2.8	
			0.001063	-0.144					0.001063	-2.8	
			0.001064	-0.092					0.001064	-3	
			0.001065	-0.132					0.001065	-3	
			0.001066	-0.108					0.001066	-3	
			0.001067	-0.1					0.001067	-3.2	
			0.001068	-0.092					0.001068	-3.2	
			0.001069	-0.112					0.001069	-3.2	
			0.00107	-0.128					0.00107	-3.2	
			0.001071	-0.16					0.001071	-3.2	
			0.001072	-0.128					0.001072	-3.4	
			0.001073	-0.116					0.001073	-3.4	
			0.001074	-0.108					0.001074	-3.6	
			0.001075	-0.096					0.001075	-3.6	
			0.001076	-0.14					0.001076	-3.6	
			0.001077	-0.096					0.001077	-3.6	
			0.001078	-0.128					0.001078	-3.8	
			0.001079	-0.124					0.001079	-3.8	
			0.00108	-0.112					0.00108	-3.8	
			0.001081	-0.096					0.001081	-3.8	
			0.001082	-0.064					0.001082	-4	
			0.001083	-0.112					0.001083	-4	
			0.001084	-0.112					0.001084	-4	
			0.001085	-0.14					0.001085	-4.2	
			0.001086	-0.124					0.001086	-4.2	
			0.001087	-0.124					0.001087	-4.2	
			0.001088	-0.128					0.001088	-4.4	
			0.001089	-0.116					0.001089	-4.2	
			0.00109	-0.136					0.00109	-4.6	
			0.001091	-0.12					0.001091	-4.6	
			0.001092	-0.096					0.001092	-4.6	
			0.001093	-0.104					0.001093	-4.6	
			0.001094	-0.096					0.001094	-4.8	
			0.001095	-0.08					0.001095	-4.8	
			0.001096	-0.108					0.001096	-4.8	
			0.001097	-0.112					0.001097	-4.8	
			0.001098	-0.168					0.001098	-5	
			0.001099	-0.128					0.001099	-5	
			0.0011	-0.136					0.0011	-5.2	
			0.001101	-0.12					0.001101	-5.2	
			0.001102	-0.108					0.001102	-5.2	
			0.001103	-0.116					0.001103	-5.2	
			0.001104	-0.096					0.001104	-5.2	
			0.001105	-0.072					0.001105	-5.4	
			0.001106	-0.048					0.001106	-5.4	
			0.001107	-0.08					0.001107	-5.6	
			0.001108	-0.084					0.001108	-5.6	
			0.001109	-0.14					0.001109	-5.6	
			0.00111	-0.128					0.00111	-5.8	
			0.001111	-0.144					0.001111	-5.8	
			0.001112	-0.132					0.001112	-5.8	
			0.001113	-0.104					0.001113	-6	
			0.001114	-0.064					0.001114	-6	
			0.001115	-0.064					0.001115	-6	
			0.001116	-0.06					0.001116	-6.2	
			0.001117	-0.092					0.001117	-6	
			0.001118	-0.116					0.001118	-6.2	
			0.001119	-0.14					0.001119	-6.2	
			0.00112	-0.144					0.00112	-6.4	
			0.001121	-0.12					0.001121	-6.4	
			0.001122	-0.14					0.001122	-6.4	
			0.001123	-0.096					0.001123	-6.6	
			0.001124	-0.108					0.001124	-6.6	
			0.001125	-0.088					0.001125	-6.6	
			0.001126	-0.084					0.001126	-6.8	
			0.001127	-0.092					0.001127	-6.8	
			0.001128	-0.12					0.001128	-6.8	
			0.001129	-0.104					0.001129	-6.8	
			0.00113	-0.12					0.00113	-7	
			0.001131	-0.124					0.001131	-7	
			0.001132	-0.1					0.001132	-7	
			0.001133	-0.084					0.001133	-7	
			0.001134	-0.064					0.001134	-7.2	
			0.001135	-0.096					0.001135	-7.2	
			0.001136	-0.072					0.001136	-7.4	
			0.001137	-0.092					0.001137	-7.4	
			0.001138	-0.068					0.001138	-7.4	
			0.001139	-0.096					0.001139	-7.4	
			0.00114	-0.116					0.00114	-7.6	
			0.001141	-0.116					0.001141	-7.6	
			0.001142	-0.148					0.001142	-7.6	
			0.001143	-0.12					0.001143	-7.6	
			0.001144	-0.116					0.001144	-7.8	
			0.001145	-0.108					0.001145	-7.8	
			0.001146	-0.06					0.001146	-8	
			0.001147	-0.08					0.001147	-7.8	
			0.001148	-0.08					0.001148	-8	
			0.001149	-0.096					0.001149	-8	
			0.00115	-0.136					0.00115	-8.2	
			0.001151	-0.104					0.001151	-8.2	
			0.001152	-0.112					0.001152	-8.2	
			0.001153	-0.104					0.001153	-8.2	
			0.001154	-0.104					0.001154	-8.4	
			0.001155	-0.092					0.001155	-8.4	
			0.001156	-0.068					0.001156	-8.6	
			0.001157	-0.076					0.001157	-8.6	
			0.001158	-0.08					0.001158	-8.6	
			0.001159	-0.12					0.001159	-8.6	
			0.00116	-0.092					0.00116	-8.8	
			0.001161	-0.1					0.001161	-8.8	
			0.001162	-0.096					0.001162	-8.8	
			0.001163	-0.088					0.001163	-9	
			0.001164	-0.096					0.001164	-9	
			0.001165	-0.076					0.001165	-9	
			0.001166	-0.092					0.001166	-9	
			0.001167	-0.092					0.001167	-9	
			0.001168	-0.132					0.001168	-9	
			0.001169	-0.132					0.001169	-9.2	
			0.00117	-0.12					0.00117	-9.2	
			0.001171	-0.092					0.001171	-9.2	
			0.001172	-0.084					0.001172	-9.4	
			0.001173	-0.068					0.001173	-9.4	
			0.001174	-0.064					0.001174	-9.6	
			0.001175	-0.048					0.001175	-9.6	
			0.001176	-0.076					0.001176	-9.6	
			0.001177	-0.076					0.001177	-9.6	
			0.001178	-0.104					0.001178	-9.8	
			0.001179	-0.088					0.001179	-9.8	
			0.00118	-0.096					0.00118	-9.8	
			0.001181	-0.112					0.001181	-10	
			0.001182	-0.088					0.001182	-9.8	
			0.001183	-0.092					0.001183	-9.8	
			0.001184	-0.044					0.001184	-9.8	
			0.001185	-0.048					0.001185	-9.6	
			0.001186	-0.068					0.001186	-9.6	
			0.001187	-0.06					0.001187	-9.4	
			0.001188	-0.076					0.001188	-9.4	
			0.001189	-0.108					0.001189	-9.4	
			0.00119	-0.104					0.00119	-9.4	
			0.001191	-0.132					0.001191	-9.2	
			0.001192	-0.08					0.001192	-9.2	
			0.001193	-0.088					0.001193	-9.2	
			0.001194	-0.1					0.001194	-9.2	
			0.001195	-0.092					0.001195	-9	
			0.001196	-0.096					0.001196	-9	
			0.001197	-0.08					0.001197	-8.8	
			0.001198	-0.056					0.001198	-9	
			0.001199	-0.088					0.001199	-8.8	
			0.0012	-0.068					0.0012	-8.8	
			0.001201	-0.1					0.001201	-8.8	
			0.001202	-0.12					0.001202	-8.8	
			0.001203	-0.112					0.001203	-8.8	
			0.001204	-0.112					0.001204	-8.6	
			0.001205	-0.108					0.001205	-8.4	
			0.001206	-0.072					0.001206	-8.4	
			0.001207	-0.072					0.001207	-8.4	
			0.001208	-0.088					0.001208	-8.4	
			0.001209	-0.096					0.001209	-8.4	
			0.00121	-0.064					0.00121	-8.2	
			0.001211	-0.088					0.001211	-8	
			0.001212	-0.104					0.001212	-8	
			0.001213	-0.132					0.001213	-8	
			0.001214	-0.124					0.001214	-8	
			0.001215	-0.092					0.001215	-8	
			0.001216	-0.088					0.001216	-8	
			0.001217	-0.056					0.001217	-7.8	
			0.001218	-0.056					0.001218	-7.8	
			0.001219	-0.04					0.001219	-7.6	
			0.00122	-0.064					0.00122	-7.6	
			0.001221	-0.104					0.001221	-7.6	
			0.001222	-0.12					0.001222	-7.4	
			0.001223	-0.072					0.001223	-7.4	
			0.001224	-0.076					0.001224	-7.4	
			0.001225	-0.068					0.001225	-7.4	
			0.001226	-0.12					0.001226	-7.2	
			0.001227	-0.116					0.001227	-7.2	
			0.001228	-0.084					0.001228	-7.2	
			0.001229	-0.088					0.001229	-7	
			0.00123	-0.088					0.00123	-7	
			0.001231	-0.084					0.001231	-7	
			0.001232	-0.06					0.001232	-7	
			0.001233	-0.068					0.001233	-6.8	
			0.001234	-0.064					0.001234	-6.8	
			0.001235	-0.104					0.001235	-6.8	
			0.001236	-0.084					0.001236	-6.8	
			0.001237	-0.068					0.001237	-6.6	
			0.001238	-0.076					0.001238	-6.6	
			0.001239	-0.092					0.001239	-6.4	
			0.00124	-0.132					0.00124	-6.4	
			0.001241	-0.084					0.001241	-6.4	
			0.001242	-0.04					0.001242	-6.4	
			0.001243	-0.06					0.001243	-6.2	
			0.001244	-0.072					0.001244	-6.2	
			0.001245	-0.092					0.001245	-6.2	
			0.001246	-0.08					0.001246	-6	
			0.001247	-0.104					0.001247	-6	
			0.001248	-0.116					0.001248	-6	
			0.001249	-0.104					0.001249	-5.8	
